c(244.996945478646, 122.120070421651, 158.3303185964, 47.8142646367779, 334.009882965467, 135.735081975031, 2373.14406555412, 383.542879553434, 65.6176806945581, 9.7091618673362, 570.738293550581, 1230.16387546387, 369.882889602003, 470.8146069257, 241.020730148814, 75.7967058251143, 1035.80495043503, 77.4889777744495, 415.042732807595, 133.25430866461, 361.098790770618, 168.963602938022, 402.07840500094, 407.908331157489, 437.772990829012, 550.924476841694, 230.863253395742, 175.435158248978, 149.921420679898, 
143.876983963582, 292.391365470884, 248.611848905718, 194.527706305612, 97.3723355918174, 184.773485141934, 161.008451037212, 21.5679678071633, 36.4116873210751, 130.870545695694, 77.7256783923282, 604.934378906886, 458.580242607136, 246.782280250847, 10.0288610565584, 176.899445836909, 166.316023302501, 10.8154192042097, 35.8340356185894, 174.855472129251, 1016.03659113841, 189.967629981839, 234.005211826411, 465.602718712569, 663.758909834078, 15609.403324161, 459.000796491784, 22.0839246844422, 
308.8301500377, 177.807596782515, 38.81995204597, 364.942114017806, 281.563658048711, 239.100753953952, 883.097647073574, 706.839137114562, 514.841789101616, 206.358760390731, 110.977591350035, 152.59133248828, 1658.24218628257, 308.359243514139, 11.2247637004611, 450.274108816616, 752.450984405266, 99.20474823006, 52.4815555803826, 216.610811352999, 590.87622764259, 1708.20082326553, 237.910174025154, 271.384744910128, 263.951565026331, 6917.42159526342, 1818.92079704898, 660.275396463944, 213.474565835323, 
303.4687037486, 66.9147645154251, 139.533686077473, 4175.55317782388, 87.355983393964, 490.273739781291, 378.531606453506, 474.578431370467, 433.567864295764, 27.7714949663675, 272.153737918508, 274.983843972034, 19.5951466108257, 243.616546880361, 111.625444656643, 591.163572195572, 265.557919745822, 9.42560982059879, 1099.3191448362, 306.346379700118, 423.304379468141, 28.3498058263981, 113.614432904501, 161.192920670183, 3189.17384943028, 253.964585398984, 339.763481467589, 158.521365448298, 311.85193376167, 
119.956577008799, 410.662704171909, 712.716844791406, 991.913413395124, 271.852107049943, 291.038696678596, 497.425078743225, 409.026252034891, 213.548780812891, 489.557856359534, 1045.12097916759, 533.862745774243, 632.149729956548, 228.425994223881, 183.087588415122, 227.288906123923, 449.988005052023, 56.9196104621993, 136.561485174246, 151.059826473148, 1967.49347168782, 226.311169647438, 402.765375172813, 599.742520628898, 311.177305532167, 40.2933547889274, 1038.61385519388, 351.983365550921, 
199.724325786577, 65.9340014096929, 21.8381415019049, 19.4731519318561, 251.854734394093, 172.570578161606, 643.914299454352, 62.4122987067646, 548.746430583424, 909.270643165618, 312.346801988857, 165.262849704409, 422.304081648244, 267.374292576736, 259.048621073092, 57.2840838917917, 1295.43406669865, 9.72331608273708, 316.444493146345, 602.386661082838, 411.458343234098, 696.570193838283, 929.196235647894, 1208.49500105124, 570.055612939649, 116.394391578546, 296.143796067785, 227.294949133196, 
363.367508748492, 224.502509400333, 937.23926330493, 1911.92945139982, 578.664889574332, 575.03783871346, 225.236870581394, 474.193934115235, 172.699502474593, 63.2313562216945, 109.823646056105, 160.308526688208, 665.129019574556, 83.2554892559139, 29.6924888861616, 31.3536367564603, 221.79765350803, 2428.71698545762, 564.905989101245, 344.529140228893, 948.893504312062, 9.13826656784653, 276.076439794421, 503.792105323046, 183.46058699144, 476.916171362944, 42.0280740443028, 69.9077534977235, 839.517625407271, 
520.914574109001, 569.664249922302, 923.151354759664, 355.21927342753, 49.8706257071822, 110.540149042016, 270.171124797055, 251.641838574316, 12.6482289286726, 283.036055644417, 317.171081982915, 159.512317953521, 1783.80042186757, 317.715444197986, 526.805340866822, 2059.11244533973, 395.354730723887, 354.520858956604, 363.008213802726, 822.50690225182, 948.683195031405, 59.1968126154875, 349.039077019557, 8.38462347479913, 443.360274263736, 568.768135881085, 159.646354910032, 243.731500479208, 
1777.6832259232, 401.039462379519, 183.820707262726, 130.073477478381, 291.743230397822, 429.474005949363, 94.9956949557846, 37.2211379412476, 220.85816341176, 112.883750940326, 421.392342677447, 48.0636076090209, 167.278903987493, 10.5485334995126, 241.679478703387, 294.702108800892, 1720.93013155646, 495.311905701874, 625.49927139447, 155.634452157441, 59.4276681291702, 510.500582199768, 59.7122894360143, 508.31561084218, 263.515736586857, 8840.56455059562, 350.929961358875, 187.302412096273, 977.098636677367, 
1220.56005365851, 14.870191433264, 573.926687491812, 107.74559160174, 85.4843834958945, 54.507493154339, 467.946185018488, 1044.11389630414, 39.9462681418846, 315.23223532988, 126.675925350262, 390.094878787462, 263.262415103317, 611.926019766202, 13912.9894611377, 243.203073322105, 2729.49719950525, 11324.0167350364, 2577.9953422602, 251.682324906688, 32.5541516207661, 404.939924620481, 132.978876864221, 133.411046435013, 36.7305781218922, 304.333623575612, 19.7936011250261, 20.5530354842247, 60.1872015575645, 
997.397635210843, 125.220232176367, 1547.67478935283, 1023.49474511549, 416.073691302695, 265.052663188462, 350.286607117528, 17.8466615982508, 145.326025757904, 57.6544303738652, 806.145835553761, 104.476229518236, 102.584480600476, 1438.93349673453, 125.921838532737, 86.8305085316224, 13553.0202173579, 39.1601504474346, 155.59614416949, 234.513827137422, 548.361108643454, 817.210203549412, 283.14649850143, 12.2504733888422, 1495.06983137713, 28.8302229300451, 103.015931724318, 58.8895891577983, 
20.0714285528356, 121.812527502776, 33.5768195026651, 342.934362174368, 216.899956556386, 250.960740346213, 752.522779308838, 1207.07906186335, 343.478665894067, 230.086329836851, 1512.47607068216, 365.072839224611, 715.406871646963, 42.0753693225497, 475.269590486144, 89.6882506682805, 13.304699996641, 19.1455860410763, 17.5192296628993, 9.97237758765953, 96.6341894623131, 339.689375579779, 108.127395431142, 50.7768923322546, 158.039194520737, 595.349668875112, 425.000597272641, 229.713862371614, 
12822.081590212, 111.89433970967, 715.502535191999, 734.636333854402, 10.1733477040779, 365.572421948455, 122.284213740722, 147.669356256738, 304.794518195264, 456.745995460915, 1520.43556655278, 34.8864769013922, 151.893604466758, 433.158103016442, 79.9541990381236, 244.523569847391, 614.256360040617, 745.745855108778, 120.516263630138)
c(0.54749664156213, 0.97797180303494, 0.304372344986018, 0.876289648554901, 1.10539065173039, 0.682814533413108, 0.623089599714549, 0.84543046934281, 0.860770716202999, 1.02068815635275, 0.470322821852011, 1.74110961032603, 0.361258454029557, 1.46853989152548, 0.621978800751285, 1.10866975485334, 0.620637364493536, 0.504476688938028, 0.555487884238092, 0.269323623773421, 0.376979248364611, 0.236179613911144, 0.277389912078761, 0.621591752220495, 0.355885577791698, 0.73961687963817, 0.26865641556845, 
1.46577417099639, 1.21377157326372, 1.55273847944761, 0.323572144741113, 0.455009495364068, 0.51369413947044, 0.395876941929561, 0.536250919314894, 0.475829305355647, 0.936665713825322, 1.60449022908188, 1.14663118403133, 0.325252145045723, 0.244635626260317, 0.514857683216922, 0.886591099546405, 1.37881221301625, 1.46854733427888, 0.285878608108983, 1.31277234598776, 0.757325638152359, 0.592609147501173, 0.409876185611162, 0.670577054878115, 1.27207864033352, 0.286091892848211, 0.943871180022215, 
2.30493328855338, 0.283406994498556, 1.33229813738434, 0.190831277655963, 1.52676030582904, 1.48677988455962, 0.204938600984054, 0.308052941141494, 0.489926812736202, 0.747708356698787, 0.806644659799429, 0.225854030302109, 1.6847733411535, 0.588920848644755, 0.261720032061392, 0.488039340568354, 0.903947342065246, 1.38413777116487, 0.471920438711064, 0.192783361372894, 0.386430612477286, 0.401266093209351, 0.654200373048447, 0.374123467198877, 0.222733438610464, 0.273748966516804, 0.324108133393109, 
0.720720800674553, 1.04349397651649, 0.85649294266495, 0.837827606463761, 0.528727661388072, 1.34610837602105, 0.567641589366579, 0.290106284570345, 0.352966224709326, 0.698464935191694, 0.753974572679402, 0.246442683850156, 0.279425500617365, 0.277720938124469, 1.64705519109548, 0.308328286574639, 0.352388376697715, 1.68554103285976, 0.282703042066358, 0.356003331061289, 0.490107990503803, 0.259050715610127, 1.33765666629316, 0.586018049546042, 0.391071003586173, 0.233238383662838, 1.3231333274298, 
1.81757317485079, 0.538626984818211, 0.340890421883419, 0.249539773863614, 0.237662277714303, 0.764574399459896, 0.247415287800842, 1.20379320123379, 0.264099270055222, 0.834339493454233, 0.640864377149747, 0.771527653722946, 0.300061111387099, 0.316158938663141, 0.643773125818709, 0.260160178505167, 0.344505817894212, 0.313668858006213, 0.260614176467767, 0.6160438386605, 0.747514018899874, 0.550343196648369, 0.653531789848271, 0.279429754645298, 0.966540364133105, 0.321225378021245, 0.270759694796889, 
0.491554748712772, 0.242631607528237, 0.251583034428804, 1.57931191726176, 0.568747948368982, 0.776290537891427, 1.30472889030724, 0.393773274083908, 0.459497895398785, 0.557936634259272, 0.965159668109851, 0.888982218055931, 0.25620497392484, 0.632016758769133, 0.343399258916652, 0.542401548727749, 0.613919023318655, 0.546613139850948, 0.366302907324954, 0.262972204945341, 0.500130006539391, 0.361692988828044, 0.279732465920168, 0.641558322773312, 0.63841854499497, 1.24475935919927, 0.593942105249234, 
0.770855951358382, 0.1893718968323, 0.16859099047648, 0.538539858198871, 0.70191112237626, 1.14237089925365, 1.27683348462162, 1.90407984842866, 1.11705353359203, 0.707160541233166, 0.238560976889276, 0.204186727661939, 1.20150193824429, 0.566353944233637, 0.230278758312174, 0.372064357582607, 0.304301193814124, 0.706135099048585, 1.28639791694178, 0.286407178000537, 1.83366813455997, 0.698984598462601, 0.508370392097238, 0.46533240133145, 0.692317625031004, 0.508033779503928, 0.582230828037122, 
0.185694809938557, 0.213615097355677, 0.42268830393553, 0.996904501455496, 0.36759364287923, 0.248261879316651, 0.463748830906894, 0.228493911558239, 2.17002462453396, 1.11004297127315, 0.331021539713065, 0.310695563828896, 0.769526486843991, 0.51017760920958, 0.548941082664637, 1.05370636465422, 1.06010771831448, 0.566537815828011, 0.588525311948984, 1.03885753159037, 0.339005123950904, 0.267293229327367, 0.320424216723353, 1.18501669434424, 0.632630922187454, 0.284443590858922, 0.410760858909172, 
0.608608597683284, 0.551077106332258, 1.94626709604183, 0.54126851863254, 0.878716691568449, 0.492485392193357, 0.393454961445937, 0.924204714339892, 0.335598433894405, 0.743831929335855, 0.260345932937249, 1.17055923118656, 0.351987888125023, 0.47888605035452, 0.664996924217687, 0.507613425880047, 0.29749775380772, 0.372169991866443, 0.392946368613515, 0.831309169101199, 0.497690602468692, 0.522055100448448, 0.242403286499656, 1.39498538788635, 0.812739835576974, 1.64690829436424, 1.3920716169248, 
0.429490530973656, 0.675142170954775, 0.836598078897876, 0.351198824377508, 0.854087265100484, 0.513801074981355, 0.248265429673982, 1.06727452842834, 0.412312233846561, 1.22780138069233, 0.722250360872357, 0.293608112063, 0.791788246064577, 0.562527920512431, 0.871557761109848, 2.77100093005524, 1.32757797587518, 1.77763565999935, 1.49896216029361, 0.594864923770397, 0.392250052765829, 0.81135655030254, 0.471815593375541, 0.520169082060605, 0.472195561537356, 0.211646256626, 0.498598910351554, 0.274992805471249, 
1.05175252041701, 0.316072163368708, 0.494724056457529, 1.38210448742114, 0.503787007251143, 0.260692946361783, 0.694166153649723, 0.368340229075627, 0.416885832176236, 0.572169985112466, 0.828363800070497, 1.30456117895736, 0.956205376830176, 1.2895373550641, 0.460813913116044, 0.677079942619183, 0.331857273164438, 0.776440675888412, 0.618652302064527, 0.883368900669655, 0.677096282654659, 1.2601788363236, 0.844738495539544, 0.573537135276717, 0.561848638141699, 0.331776804850248, 0.395740679445672, 
2.1329014337732, 0.549566509353137, 0.551823440740032, 1.09222106575615, 0.988682871887328, 0.567699044558224, 0.410502993073972, 0.459379401262303, 0.743802423278162, 0.6007607748385, 0.870062494895586, 1.62562885696452, 0.425234713966442, 0.580945166904797, 0.937874929019234, 1.34503271949678, 0.837046978868742, 0.292299533634409, 0.506647232364002, 0.26432250748874, 0.359463214835114, 0.729855641587091, 0.234613816766764, 0.684283971592856, 0.603039425585297, 0.548611653618436, 0.418985100837361, 
0.337145189699313, 0.725650801243832, 1.32517686809129, 0.294881115539608, 0.50783184187762, 0.908615546460273, 1.68297960133138, 0.872542670757614, 1.20624627102362, 0.341678391923507, 1.29491355529593, 0.472777309541474, 1.57426066417041, 0.366228027055842, 0.473605296457297, 0.387051843899414, 0.640931076818745, 0.511062988060252, 0.408814752356857, 0.484461444392121, 0.560548105123222, 1.19184939565796, 0.693085264127991, 1.48945116530021, 0.28012254685373, 0.231797587107622, 0.534938994183639, 
0.880212967096645, 1.61344503913921, 0.298980413575056, 0.264180207888103, 1.01372534049775, 1.09698547882887, 0.162139038366763, 0.195251297188455, 0.411934376669252)
c(0.103068314600466, 0.213543907948174, 0.0858439440866445, 0.230399747360616, 0.236183845942647, 0.193240217243923, 0.162169420391589, 0.209459563903621, 0.196150234653503, 0.319416673973486, 0.0948114459367145, 0.271191220074773, 0.0844110554880228, 0.385670886134396, 0.137750321167687, 0.199160499798738, 0.138940805037894, 0.130448984708521, 0.121248062414751, 0.0855369925968322, 0.112779255791984, 0.0762865129571336, 0.0710572064140639, 0.20038891888213, 0.0788369774462598, 0.209594328670731, 
0.0807594615181306, 0.297351796120387, 0.266484044565425, 0.397322341625628, 0.0973527040688316, 0.128078657101343, 0.163705690841113, 0.110512305659562, 0.160768762828635, 0.145869929192706, 0.297068729995454, 0.328785018281402, 0.254459888020471, 0.091438401079994, 0.0772583386504511, 0.0904963482360372, 0.208779572494924, 0.384221859816032, 0.379018510737736, 0.0777191300977985, 0.361293196144501, 0.232568033815221, 0.161405771218273, 0.0970541263128997, 0.133673348415562, 0.284103197239059, 0.0910110479511998, 
0.245081924663998, 0.298385437058282, 0.0749799117895548, 0.35221449576662, 0.0530646106908927, 0.301232691389001, 0.386950418768886, 0.0618544714162601, 0.0838904649031923, 0.127338587326279, 0.166771502901631, 0.180805592666308, 0.0668832479354293, 0.399609620153412, 0.154574051965468, 0.0796478881156914, 0.147753142857225, 0.251000056032312, 0.253179597233163, 0.137175044990609, 0.0591119233884768, 0.109352860349917, 0.126006126014692, 0.177880241262916, 0.116785591857956, 0.0697316118806296, 
0.0890148199688999, 0.0857126094383482, 0.192768420910978, 0.285303862715355, 0.17599986915089, 0.222927743364131, 0.101236709578269, 0.229891200606522, 0.154145888582293, 0.0851410896774878, 0.109003072290133, 0.196665508848636, 0.231954112559549, 0.0778137461243558, 0.0682850516869151, 0.0690834841059727, 0.249682099719572, 0.0826725501862983, 0.1125424033461, 0.274442976533656, 0.0802173499268622, 0.107350803840922, 0.131577450943209, 0.0708155348754324, 0.405643016411442, 0.110030448488834, 0.111300282656016, 
0.0729638045532495, 0.289053719194851, 0.332944047260569, 0.161695548519847, 0.0815202326705559, 0.0760269515770618, 0.0607057852853192, 0.173124612292401, 0.0619188801629798, 0.22807294067388, 0.0585980138432928, 0.20568455930353, 0.132386500011692, 0.210151695698804, 0.0795109994573606, 0.100034519039056, 0.107401312358799, 0.0783182071006083, 0.0867850253901683, 0.0954366164973354, 0.0735572198391657, 0.17038046311194, 0.175393849222566, 0.120384659272151, 0.200340350123731, 0.0762554562869022, 
0.258673014339123, 0.0888791737076827, 0.0788658048471855, 0.145929391912258, 0.0663390054419026, 0.0737606871570383, 0.277854623146539, 0.165887777246359, 0.203570236780534, 0.235498103323979, 0.114398918955437, 0.115823535595522, 0.159842060575553, 0.279129089540866, 0.268506846570282, 0.0760180093946458, 0.145989521117807, 0.105182321953577, 0.116145003430767, 0.184576625255594, 0.139521530805248, 0.102201907822145, 0.0776878491061505, 0.115098211658258, 0.0930317702262413, 0.0739910944742683, 
0.158497495243699, 0.187927451451055, 0.303440396088651, 0.172198503883131, 0.219278248434823, 0.0611146287932317, 0.0547162013664901, 0.136246356171408, 0.219283129947293, 0.298373666360778, 0.256753458965493, 0.225508911804252, 0.186477896418033, 0.156612879805779, 0.0743038748899615, 0.0616217102299442, 0.228221578492483, 0.147840256865467, 0.0698386969302575, 0.119420024135447, 0.0766655970649365, 0.163786372573452, 0.250104129710126, 0.0929540956338724, 0.401801360308626, 0.184408796614121, 
0.154196403804256, 0.148862537457649, 0.199204503974702, 0.14428539249451, 0.143128931518884, 0.052503107756951, 0.0687681837502947, 0.0983683807683465, 0.30015142107586, 0.084570486715379, 0.0715384245810574, 0.131361225102064, 0.0567860284492591, 0.420380995273172, 0.249722350276078, 0.100642705680585, 0.0988784772160834, 0.159929168077622, 0.113020159471058, 0.163825991001276, 0.239446844642318, 0.289216368760996, 0.106766167986215, 0.176085318858529, 0.251850978234968, 0.0779424709812011, 0.0821487450537443, 
0.100734621311608, 0.219041310363311, 0.106816489617921, 0.0797259635601268, 0.126351288850521, 0.119731504660162, 0.116968332319655, 0.270744804237704, 0.121858147391968, 0.228576804670131, 0.12709633690289, 0.0898762015814732, 0.288468595524946, 0.10045237458472, 0.194989436800407, 0.080565312055204, 0.191124916894214, 0.0944603229292057, 0.124066140700006, 0.157343597339016, 0.155201597717535, 0.0756626595242825, 0.099700871928658, 0.116618204344447, 0.264122427244042, 0.153359969006867, 0.109047920942708, 
0.0648488969183827, 0.250574517225701, 0.152985431986467, 0.382361221993274, 0.361173729068755, 0.100747238213698, 0.177883672308765, 0.197587476075471, 0.0897959050131451, 0.186257888554189, 0.165113836705579, 0.0805542538395608, 0.207187437660232, 0.131923732737271, 0.273274648827199, 0.225975573740769, 0.0805195047640402, 0.24851583686733, 0.172085860763529, 0.201724759982882, 0.412069127056177, 0.220409208580088, 0.35816129076606, 0.367865535434663, 0.185847486028306, 0.110248411770098, 0.188192273240162, 
0.150265424301659, 0.133807101556882, 0.136371791204307, 0.0623831801352114, 0.137261711681371, 0.078521002955833, 0.231862480128666, 0.0848431025172344, 0.133300764540847, 0.353329505342915, 0.115724210902964, 0.0765677334423603, 0.202201744930572, 0.0861150506433411, 0.112904527131984, 0.133249015837229, 0.258568800844313, 0.286753869673691, 0.302813881327909, 0.336488070298396, 0.126812712048482, 0.205328784512145, 0.104113771105774, 0.243475608567347, 0.172479631091239, 0.192910202782271, 0.188030562543093, 
0.295013446321752, 0.211762631520153, 0.170470705311353, 0.169131621659726, 0.0967448269560869, 0.107052641636147, 0.314385524674212, 0.176177204511091, 0.171459574937662, 0.281558089311513, 0.195883623828725, 0.170010011429903, 0.124532582647195, 0.112513605147363, 0.215069596058889, 0.164915759457518, 0.177983282102532, 0.336079300698189, 0.105553492801632, 0.184753136840236, 0.215566756055112, 0.40367895218222, 0.180764033748312, 0.0904453978425578, 0.1513274117209, 0.080716910138029, 0.0992593834418025, 
0.232787249424519, 0.0752360684125658, 0.183836246609295, 0.187035678182893, 0.136597704678528, 0.111588162730019, 0.106827516953637, 0.186666604948809, 0.393555034041113, 0.0753942349050262, 0.154096728385652, 0.260357001360978, 0.403076082033493, 0.257963978579822, 0.389680466091667, 0.0915246107766877, 0.265461246464241, 0.143058848740373, 0.288532054506453, 0.090780699499842, 0.127489256699387, 0.114228069856085, 0.16572493354428, 0.162198536865364, 0.110106678186799, 0.152750222003663, 0.0857185482757456, 
0.365988362043648, 0.151584728750936, 0.414361723366135, 0.0846883633004151, 0.0682266815983376, 0.130577134240675, 0.139213512947293, 0.221457773963173, 0.0939946106886886, 0.0663346320849524, 0.269988853222599, 0.248414734324839, 0.0494354491005218, 0.0544750212575817, 0.0944477877439578)
c(5.311978212552, 4.57972232704616, 3.54564725822484, 3.80334465898243, 4.68021276949997, 3.53350116839915, 3.84221389094184, 4.03624667972582, 4.3883236628472, 3.19547550118651, 4.96061226791063, 6.42022853780431, 4.27975283499229, 3.80775408339674, 4.515262073285, 5.56671506635957, 4.46691930656561, 3.86723354010954, 4.58141658658384, 3.14862161501099, 3.34262933123031, 3.09595503524792, 3.90375482062097, 3.1019267716401, 4.51419612115763, 3.52880196868349, 3.3266246519999, 4.92942766823898, 4.55476265096137, 
3.90800696757862, 3.32370988393232, 3.5525785924195, 3.1379125357897, 3.5821978336881, 3.33554174256159, 3.26201094351008, 3.15302695722857, 4.88005882223204, 4.50613726568598, 3.55706291015719, 3.16646242377992, 5.68926474109258, 4.24654140705246, 3.58858346497107, 3.87460583764218, 3.67835573750305, 3.63353741503261, 3.25636170082629, 3.67154868768462, 4.22317114359191, 5.01653517942435, 4.47752314192763, 3.14348531621802, 3.85124762389654, 7.72468425831106, 3.77977231146911, 3.78263289386912, 
3.59620611875543, 5.06837521116671, 3.84230075080401, 3.31323825572586, 3.6720852780704, 3.8474340184163, 4.48342998467679, 4.46139219425673, 3.37684004999509, 4.21604800331562, 3.80995931177583, 3.28596323459618, 3.30307248381139, 3.60138302896983, 5.46701940555725, 3.44027908825087, 3.26132783915597, 3.53379519512111, 3.18449670583925, 3.67775739679543, 3.20350705294123, 3.19415301903176, 3.07531899308954, 3.78133550613968, 3.73879081059334, 3.65748282054484, 4.86644079224088, 3.75829223326077, 
5.2226871417556, 5.85541496355498, 3.6824958134614, 3.40735930993202, 3.23813097460077, 3.55153752826718, 3.25053332471454, 3.16708417374368, 4.09204494562766, 4.02007718224591, 6.59660901981099, 3.72951222479332, 3.13116093330637, 6.14168033793008, 3.52421318236156, 3.31626143749079, 3.72486309006959, 3.65810575413726, 3.29762035132976, 5.32596256394893, 3.51365687717805, 3.19663133098575, 4.57746515462713, 5.45909497348161, 3.33111820176111, 4.18166644912612, 3.28225410446291, 3.9149856409448, 
4.41632411091588, 3.99579719706829, 5.27810619566258, 4.50696623884721, 4.05640314605722, 4.84085897801623, 3.67128921400055, 3.77383146275269, 3.16049841294986, 5.99408993875264, 3.32183521733283, 3.96964587318357, 3.28667202923074, 3.54301286858863, 3.61569529398308, 4.26191694984306, 4.57153926402052, 3.26210765552046, 3.66439030400627, 3.73653342465001, 3.61418051744869, 3.43316974094828, 3.36844238348041, 3.65745018201584, 3.41080112083525, 5.6839504751693, 3.42851027248582, 3.81337935333019, 
5.54029468556825, 3.44210660100119, 3.9672238723867, 3.49054956029894, 3.45775379304759, 3.31083631352856, 3.37031942779188, 4.32919262923758, 3.26480013502852, 4.67003773477925, 3.32609301133621, 3.91776908335345, 3.58411026888468, 3.38498501337093, 4.34524567613912, 3.88784377582468, 3.78062343729015, 4.04775054512298, 3.39715427451131, 4.10215441069887, 3.44917111273123, 3.51542369961746, 3.09863449343691, 3.08118959770716, 3.95269182480997, 3.20093535031614, 3.82865858501185, 4.97299428707297, 
8.44347938710934, 5.99027313718672, 4.51534089731407, 3.21061286834054, 3.31355178069559, 5.26462898986505, 3.83085065084141, 3.29729460075888, 3.11559439278467, 3.96920138189726, 4.31131777298451, 5.14344932421838, 3.08116792538801, 4.56361853317649, 3.79040811119895, 3.2969017406047, 3.12592012254148, 3.47541150534892, 3.52103404731882, 4.06787657714264, 3.53683463459309, 3.10630709880806, 4.29699361353669, 3.32133860263663, 4.34659486017104, 3.47032913808935, 3.53033271839978, 4.02376989196222, 
5.16204264449165, 4.44510861781476, 3.28907631680378, 3.14219608327826, 4.81167066704493, 4.51404078349603, 3.35075697885057, 4.40058571758685, 3.665448545862, 5.30634213547086, 3.34227359648204, 4.12488980138546, 4.34942746468313, 3.25377130414464, 3.18087478318071, 5.41001463321562, 5.92259607529092, 3.5677661097743, 3.25094316525033, 5.08311157878385, 4.71133592660152, 7.18856674469396, 4.44179179001878, 3.84429510613102, 3.8748983975018, 4.37774354637438, 3.20383129629086, 3.34087108723714, 3.81472935940242, 
3.23148916445402, 6.12457679620313, 3.72630409477664, 3.8599254208485, 4.2263996467862, 3.27067139349878, 3.9318966010208, 3.73286596864221, 3.36951139680472, 3.14743877593209, 3.24524454257296, 4.78739159752279, 3.7379708525303, 5.56714786216603, 5.31253090587649, 4.30720533264017, 3.8542992052996, 4.26305016979869, 3.79541394773369, 4.23406430161761, 3.91107839857615, 4.58550921912765, 3.11179901837987, 3.08196548090992, 5.15125115924533, 3.12538332028317, 4.49292089830373, 3.19614349868139, 3.64642222928978, 
3.1860675603031, 3.26887937228863, 4.32052942427002, 6.7246021313251, 6.02324188008139, 4.96322664070485, 4.07475562646133, 3.20082308608573, 3.55787486157887, 4.31131701813881, 3.13988128385654, 3.88745497068763, 3.46256038266691, 3.39268142738589, 3.63246898384136, 3.50215604894818, 4.53610484901813, 3.72537252871562, 3.71133697666025, 3.91165885249174, 4.3533414772953, 3.40473636401985, 3.4330374047369, 4.27730375031846, 3.6923748122952, 4.29399032718864, 3.20364946337538, 4.5494108952806, 3.15773296995829, 
3.83234197254169, 3.63381482559783, 3.29754030457982, 3.18744840033975, 3.18898751483619, 3.58681369011783, 4.57917148978726, 3.60099057034668, 4.27159796285761, 3.98908197105187, 3.36443223033067, 3.32196092385417, 3.42940098493167, 3.6966923318971, 6.78434999824963, 3.11939624015626, 3.21838801327171, 3.87920328777246, 5.0472972296643, 3.33920949586133, 3.29635011454747, 4.08287869418668, 3.45842665308442, 3.64283423739898, 4.8884506714196, 4.83703951295825, 4.02861812224054, 3.14444007198192, 
4.35074009639713, 3.33193670917387, 4.63060577655734, 3.23177895843001, 3.34802020732659, 3.2746856518261, 3.62145323062452, 3.1352904568072, 3.11836891157352, 3.72224729461083, 3.22419461058983, 4.01625821538912, 3.75474504272528, 3.15597703020314, 3.8874162919652, 3.36719582642375, 3.91118917661368, 3.29553941344353, 3.48988328222639, 4.17533978409449, 3.38242058275444, 3.09547533424441, 3.73318595975429, 4.87797587234776, 3.30477501884195, 5.45610319402207, 4.03420582870128, 3.71486436362269, 
3.38841271140323, 3.8674390335326, 3.15084832414036, 3.7128969749073, 3.1715924077708, 6.53940268936905, 3.25652266373382, 4.57226311541434, 3.59456745473596, 3.30768639204953, 3.39746242492424, 4.09672794011285, 6.32275523016144, 7.28556514528823, 3.18082506416547, 3.98253822452466, 3.75469330825284, 4.41594369114351, 3.27981319714665, 3.58423535559944, 4.36150371024022)
c(1.08441570996163e-07, 4.65593636862762e-06, 0.000391650089772495, 0.000142755523784498, 2.86577348016566e-06, 0.000410094277230704, 0.000121929507379705, 5.43131098303678e-05, 1.14227695742082e-05, 0.00139600634198553, 7.02713330781246e-07, 1.36069911693697e-10, 1.87100980053936e-05, 0.00014023462372821, 6.32385111037275e-06, 2.59586342576065e-08, 7.9354044305909e-06, 0.000110077000620083, 4.61836812476852e-06, 0.00164042449830275, 0.000829886728361456, 0.00196180108192814, 9.47117300979041e-05, 
0.00192265512731345, 6.35573813349681e-06, 0.000417445384861545, 0.000879046934324823, 8.24708620094558e-07, 5.24447598256958e-06, 9.3060623202587e-05, 0.000888285522304034, 0.000381475044503578, 0.00170155642813949, 0.000340715608346053, 0.000851333716836575, 0.00110624872831212, 0.00161586884145237, 1.06054204128207e-06, 6.60183895317869e-06, 0.000375024369657535, 0.00154305280515979, 1.27587533085663e-08, 2.17095674106961e-05, 0.0003324795541611, 0.00010679742059052, 0.000234742403274154, 0.000279561886047418, 
0.00112849891675926, 0.000241085137874049, 2.40888757685315e-05, 5.26116465441095e-07, 7.55140439478893e-06, 0.00166948791553509, 0.000117517597133105, 1.1213093375345e-14, 0.000156971835500113, 0.000155178195383829, 0.000322891987173252, 4.01225893168976e-07, 0.000121886352767002, 0.00092222382058906, 0.000240579369341474, 0.000119361408792004, 7.34527104565291e-06, 8.14289077132548e-06, 0.000733236753088142, 2.48620859654533e-05, 0.000138989664141726, 0.00101634274551402, 0.00095631665239026, 0.000316528831213952, 
4.57665966013082e-08, 0.000581114617042237, 0.00110891748541994, 0.000409638365195461, 0.00145005961276529, 0.000235293590417471, 0.00135764714600025, 0.00140241760256626, 0.00210277521060888, 0.00015598927863208, 0.000184907508878245, 0.000254704325014746, 1.13625942591252e-06, 0.00017107700776242, 1.76345190163615e-07, 4.75820439071849e-09, 0.000230961662067918, 0.000655947149203166, 0.0012031556063753, 0.00038298737166708, 0.00115188767653043, 0.00153975742922385, 4.27585748218169e-05, 5.81790778716966e-05, 
4.20668199370589e-11, 0.000191850798853783, 0.00174116716839445, 8.16530526394488e-10, 0.000424742373087892, 0.000912304402112089, 0.000195421252792132, 0.000254086210016085, 0.000975078768829359, 1.00419813581061e-07, 0.000441983338037912, 0.00139042513953028, 4.70644155388494e-06, 4.78567728761525e-08, 0.000864978650327706, 2.89380286555763e-05, 0.00102980758819586, 9.04095882515038e-05, 1.00393519353004e-05, 6.44769133223063e-05, 1.3052581815983e-07, 6.57610920315141e-06, 4.98342135924044e-05, 
1.29279093555207e-06, 0.000241330064992941, 0.000160759384809341, 0.00157499463113928, 2.0462810663409e-09, 0.00089427489999271, 7.19795294752039e-05, 0.00101378830584214, 0.000395583398506152, 0.000299542551364701, 2.02680771108543e-05, 4.84154545467884e-06, 0.00110587137342474, 0.000247928468985645, 0.000186574658090225, 0.000301299089625733, 0.00059656849206603, 0.000755941951284478, 0.000254736749919232, 0.000647723179951242, 1.31618406244935e-08, 0.000606903567288187, 0.000137079457031612, 3.01963079681374e-08, 
0.000577202740364236, 7.27146828234465e-05, 0.000482028199436974, 0.000544698926389614, 0.000930176019591441, 0.000750810954386206, 1.49656988528345e-05, 0.00109541341043061, 3.01144413102155e-06, 0.000880725341182193, 8.93722571442976e-05, 0.000338229181558205, 0.000711821407894839, 1.39119871902114e-05, 0.000101138685263485, 0.000156436134424259, 5.1712215894223e-05, 0.000680905674077077, 4.09320952491829e-05, 0.000562310253153425, 0.00043905290154757, 0.00194414705919772, 0.00206175319151625, 
7.72769350534924e-05, 0.0013698226290535, 0.000128843597507921, 6.59266046204433e-07, 3.08028705640645e-17, 2.09488909255666e-09, 6.32149924669661e-06, 0.00132452241430277, 0.000921190482505246, 1.40472744321782e-07, 0.000127701003816231, 0.000976210476558177, 0.00183574584864194, 7.21139176624592e-05, 1.62284485273213e-05, 2.6973943869215e-07, 0.00206190327151509, 5.02794008786991e-06, 0.000150399965433397, 0.000977576951302299, 0.00177249689185507, 0.000510070252537415, 0.000429867418190968, 4.74434977389655e-05, 
0.000404953131983142, 0.00189439863425729, 1.73130181201795e-05, 0.000895867795472256, 1.38267268789286e-05, 0.000519820950262621, 0.000415037376849411, 5.72738797057286e-05, 2.44269623746388e-07, 8.78474721840273e-06, 0.0010051676459735, 0.00167685696062272, 1.49673844478422e-06, 6.36039774676217e-06, 0.000805909945027155, 1.07959069468852e-05, 0.000246905451872531, 1.11846937540438e-07, 0.000830951119751282, 3.70912306191748e-05, 1.36493420995696e-05, 0.00113883921450559, 0.00146831079117446, 6.30195994106398e-08, 
3.16898551165222e-09, 0.000360037658513471, 0.00115022849024523, 3.71301433981095e-07, 2.46098186753231e-06, 6.54749782290244e-13, 8.92128642253491e-06, 0.000120899448680597, 0.000106669196263606, 1.1991433026652e-05, 0.00135611915330406, 0.000835159908304617, 0.00013633226366607, 0.00123146992874839, 9.09249514398408e-10, 0.000194307963374634, 0.000113421635975538, 2.37460098963271e-05, 0.00107292503978004, 8.42783161471296e-05, 0.000189313344810868, 0.000753015771126134, 0.00164707594871324, 0.00117349801413126, 
1.68962948105435e-06, 0.000185511447072468, 2.5894265877935e-08, 1.08113083563126e-07, 1.65330123401038e-05, 0.000116061590137013, 2.01655220150805e-05, 0.00014739731492121, 2.295052746564e-05, 9.18849380082853e-05, 4.52881289791496e-06, 0.00185951048530844, 0.00205638682640108, 2.58754385199553e-07, 0.00177573499983847, 7.02528847152594e-06, 0.00139277824090988, 0.000265916908145436, 0.00144220914240213, 0.0010797432284545, 1.55655298000644e-05, 1.76072884740871e-11, 1.70957657898488e-09, 6.93315980014777e-07, 
4.60626913084507e-05, 0.00137035642056738, 0.000373867338886462, 1.62285039366765e-05, 0.00169016311869302, 0.000101300772303601, 0.000535061840527207, 0.000692120809461834, 0.000280722326668995, 0.00046150923058219, 5.7302700315912e-06, 0.000195026988236843, 0.000206167428030651, 9.16643333384884e-05, 1.34078056631312e-05, 0.000662279579600253, 0.000596859750104233, 1.89170601100141e-05, 0.000222169710293326, 1.75490123296542e-05, 0.00135697584315059, 5.37963073243477e-06, 0.00159001131211014, 0.000126929132305597, 
0.00027926132181421, 0.000975356750938936, 0.00143534065795562, 0.00142772043821132, 0.000334743314440124, 4.66821347914251e-06, 0.000317007075630303, 1.94077236185716e-05, 6.63294994469692e-05, 0.000767013185271885, 0.000893872111927144, 0.000604915103659644, 0.000218426791755591, 1.16610320842743e-11, 0.00181222075297342, 0.00128913299126033, 0.000104799146968444, 4.48103943315547e-07, 0.000840171764393576, 0.000979498646867974, 4.44812445713974e-05, 0.000543340194001408, 0.000269652497952284, 
1.01632656126836e-06, 1.31787237995285e-06, 5.61056687523139e-05, 0.00166404990199001, 1.35678798182539e-05, 0.000862438676468605, 3.64597465471101e-06, 0.00123022179483106, 0.000813910765466224, 0.00105779608118885, 0.000292952771287301, 0.0017168403205902, 0.00181855019366019, 0.000197457491226173, 0.00126327517355848, 5.91294679517754e-05, 0.000173518014503991, 0.00159961457110061, 0.00010131691028641, 0.000759367450544854, 9.18427975316593e-05, 0.000982329229047087, 0.000483231550996882, 2.97541603685379e-05, 
0.000718500492539474, 0.00196497715476801, 0.0001890728939429, 1.07180031492127e-06, 0.000950526680819965, 4.86697148121681e-08, 5.47872785874915e-05, 0.000203312719857325, 0.000702984002132677, 0.000109984313177349, 0.00162797008118193, 0.000204900311717893, 0.00151605625733568, 6.17650139903961e-11, 0.0011278592610714, 4.82484542943997e-06, 0.000324930954516061, 0.000940700881035621, 0.000680139277336335, 4.19030875709218e-05, 2.56940134056055e-10, 3.20324639767703e-13, 0.00146856279600831, 6.81831542954815e-05, 
0.000173553856856393, 1.00570263841562e-05, 0.00103875840922167, 0.000338067144708793, 1.29171605503611e-05)
c(4.53469427390515e-05, 0.000814151636268043, 0.017224638185452, 0.00869535289004729, 0.000580946017682332, 0.0177945255946193, 0.00779267698888812, 0.00465365916639384, 0.00149695972177553, 0.0384100934776781, 0.000186061280684814, 1.96152337146003e-07, 0.00209262768553428, 0.00858209437853676, 0.000970821180782263, 1.5308514584463e-05, 0.00113087129450082, 0.00732378977458952, 0.000814151636268043, 0.0423118636997611, 0.0288174591764471, 0.047474140793222, 0.00672058836218038, 0.0468002394404592, 
0.000970821180782263, 0.017993144263102, 0.0297174876367449, 0.000213995392742136, 0.000861289005036174, 0.00667054433939427, 0.0297263140113991, 0.0170077567951526, 0.0430070176673472, 0.0155103308866024, 0.0292201154556554, 0.0334556433592575, 0.0419285646980062, 0.000252827950650702, 0.000984508719293567, 0.0167778143859892, 0.0405254394618282, 8.81412952252495e-06, 0.00230868793103583, 0.0153508531519079, 0.00717922142353063, 0.0121138850876042, 0.0135844041557274, 0.0336510333005423, 0.0122784951498761, 
0.00246085885213328, 0.000148387717883321, 0.00108857689575546, 0.0426376697168352, 0.00770037022830758, 7.27393367258633e-11, 0.00921517010759485, 0.00921517010759485, 0.0150150560630314, 0.000121058249720333, 0.00779267698888812, 0.0302144743644507, 0.0122784951498761, 0.00774906177511064, 0.00107075894995844, 0.00113597704158255, 0.0264250378737932, 0.00252000549465462, 0.00854621754774764, 0.0316255624935652, 0.0308638115624657, 0.0147994192391634, 2.42861876912719e-05, 0.0226407839084264, 0.0334583615252054, 
0.0177945255946193, 0.0392062540969096, 0.0121138850876042, 0.0381257880350806, 0.0384671585109823, 0.0498745988710048, 0.00921517010759485, 0.0105562522557816, 0.0126626612775943, 0.000258628592838404, 0.00990871919066803, 6.53686427766496e-05, 3.63134963324598e-06, 0.0119859864146767, 0.0245961222941095, 0.0350780692968833, 0.017016706027427, 0.0339227722452236, 0.0405209186343818, 0.00385242881762675, 0.00483855997632943, 7.7967845980486e-08, 0.0106859893708029, 0.0435258243598257, 9.63060640858372e-07, 
0.0182470448623918, 0.0300412114543204, 0.0107432005666319, 0.0126626612775943, 0.0310090983397978, 4.49257469448514e-05, 0.0185575787304332, 0.0384100934776781, 0.000814151636268043, 2.42861876912719e-05, 0.0295321921298728, 0.00288801525982652, 0.0319634537063472, 0.0066598613727346, 0.00134515319905199, 0.00526115392102894, 5.13164231759284e-05, 0.000984508719293567, 0.00433925561844197, 0.000289183958583664, 0.0122784951498761, 0.00939501017349723, 0.0411975410169376, 1.81193940578867e-06, 0.0297263140113991, 
0.00573991391259353, 0.0316255624935652, 0.0173388480142528, 0.014235403155332, 0.00217320687963822, 0.000815768970506536, 0.0334556433592575, 0.0125160465238123, 0.0105703913277842, 0.0142666218569498, 0.0231153982025442, 0.0269439309779253, 0.0126626612775943, 0.024426963054886, 8.81412952252495e-06, 0.023335711015649, 0.00846889940727682, 1.70333434599398e-05, 0.0225561094984506, 0.00575244082287436, 0.0197774326266043, 0.0215454996066428, 0.030398246040754, 0.0269088986801288, 0.00179782386033958, 
0.0333612525514713, 0.000601084248551901, 0.0297174876367449, 0.0066258037953721, 0.0154513570476625, 0.0259992397675978, 0.00170277473401701, 0.00699194464923341, 0.00921517010759485, 0.00447276192674432, 0.0251682912121823, 0.00373980988565422, 0.0221073128012501, 0.018510481678843, 0.0472347639438787, 0.0491867482896752, 0.0059678033058572, 0.0382988262769979, 0.00803661939455658, 0.00018198548262673, 3.99636442698173e-13, 1.81193940578867e-06, 0.000970821180782263, 0.0376025247334008, 0.0302144743644507, 
5.36027466126707e-05, 0.00800383006527431, 0.0310090983397978, 0.0451934850859213, 0.00573991391259353, 0.00187989830423608, 8.74899869397987e-05, 0.0491867482896752, 0.000836314034615695, 0.00899211590568154, 0.0310090983397978, 0.044134838865717, 0.0208102247057246, 0.0183457233013474, 0.00417063225680021, 0.0176897708227249, 0.0462954327800618, 0.00197034295694043, 0.0297263140113991, 0.00170277473401701, 0.0210382458859452, 0.0179489830908142, 0.00479400848582015, 8.33987920654117e-05, 0.00121248202565486, 
0.0315001087895174, 0.0427417332163441, 0.000323644743043842, 0.000970821180782263, 0.02818295317192, 0.00142924588498866, 0.0125130911429461, 4.53469427390515e-05, 0.0288174591764471, 0.00346202608671348, 0.0017027554269213, 0.0337335615730493, 0.0392848117843542, 3.02820845464311e-05, 2.56965112676099e-06, 0.0162191964637284, 0.0339227722452236, 0.000114696781058827, 0.0005149803024091, 2.12368091885841e-09, 0.00121836600048387, 0.00779267698888812, 0.00717922142353063, 0.00155576852087783, 0.0381257880350806, 
0.0288174591764471, 0.00846303726700285, 0.0356631492312089, 9.83050266650412e-07, 0.0107432005666319, 0.00750781788340118, 0.00246085885213328, 0.0329081074848849, 0.00638098412364706, 0.0106326897643991, 0.0269135719410206, 0.042399133648027, 0.0343678628337222, 0.000359364801429493, 0.0105562522557816, 1.5308514584463e-05, 4.53469427390515e-05, 0.00189822391239387, 0.00764356888547005, 0.00217320687963822, 0.00885339242494342, 0.00242081417348954, 0.0066598613727346, 0.000814151636268043, 0.0456054613164304, 
0.0491867482896752, 8.6078958809718e-05, 0.044134838865717, 0.00103575105260884, 0.0384100934776781, 0.0130682044177231, 0.0391448146726471, 0.0329613850493379, 0.00185272645528473, 3.80728267771344e-08, 1.70615742582691e-06, 0.000186061280684814, 0.00409326956873863, 0.0382988262769979, 0.0167778143859892, 0.00187989830423608, 0.0429122823912392, 0.00699194464923341, 0.0214919266842105, 0.0255101573351075, 0.0135898935306102, 0.0191910921717094, 0.00091783362209709, 0.0107432005666319, 0.0110988224534011, 
0.0066598613727346, 0.0017027554269213, 0.0247620036476475, 0.0231153982025442, 0.00209769177664379, 0.0116697563617231, 0.00197983379099942, 0.0381257880350806, 0.000872441614032609, 0.0415066534473177, 0.00799407069190684, 0.0135844041557274, 0.0310090983397978, 0.0391448146726471, 0.0390785758762735, 0.0154005665303055, 0.000814151636268043, 0.0147994192391634, 0.00213119249404329, 0.00537849328640611, 0.0270943276572348, 0.0297263140113991, 0.023335711015649, 0.0115292077837189, 3.0258046052275e-08, 
0.044955548851008, 0.0368396727502456, 0.00715612701457151, 0.000132129558194907, 0.0289134972711996, 0.0310090983397978, 0.00397999770392628, 0.0215454996066428, 0.0132017792771054, 0.000252827950650702, 0.000289797902669633, 0.00472672043112026, 0.0426376697168352, 0.0017027554269213, 0.0295231646134662, 0.000695630517209128, 0.0356631492312089, 0.0283862319117172, 0.0325209629320952, 0.0139734163775053, 0.0431672215491033, 0.0449591207414245, 0.010809339625183, 0.0364308072044238, 0.00488627845354353, 
0.00996322008342848, 0.041589978848616, 0.00699194464923341, 0.0269918720640245, 0.0066598613727346, 0.0310090983397978, 0.0197774326266043, 0.00292447330773796, 0.0261115557148659, 0.047474140793222, 0.0106326897643991, 0.000252827950650702, 0.0307614999591053, 2.42861876912719e-05, 0.00465365916639384, 0.0110367331691587, 0.0257641650951112, 0.00732378977458952, 0.0421582511641804, 0.0110765693509497, 0.040059702408703, 1.00167411438925e-07, 0.0336510333005423, 0.000815768970506536, 0.0150559078710406, 
0.0305881033347272, 0.0251682912121823, 0.00380175285416182, 3.33354129924326e-07, 1.38529729211539e-09, 0.0392848117843542, 0.00549446114179861, 0.00996322008342848, 0.00134515319905199, 0.0321643236306491, 0.0154513570476625, 0.00165927961366717)
c("ENPP4", "GGCT", "VTA1", "FMO1", "ABHD5", "KAL1", "ELOVL5", "PGM3", "RWDD2A", "NPC1L1", "ATP2C1", "IGF1", "RFC1", "C6", "STAU2", "GPM6B", "PTGER3", "MPHOSPH9", "FNIP2", "AP5M1", "ATP11B", "QSER1", "MON2", "CALCRL", "PKN2", "ME1", "DHX29", "PYGM", "PTPN3", "SPTB", "SNX13", "HLTF", "TRHDE", "MAP3K13", "ANO8", "PLD1", "RARB", "CAPN6", "NAALAD2", "SENP1", "DDX1", "CRYBG3", "AACS", "KCNK2", "APOB", "MTIF2", "ACHE", "L2HGDH", "GMCL1", "SF3B2", "PTPN4", "CPXM1", "OSBPL8", "EPB41L4B", "SCD", "RAB18", "CECR2", 
"RTCB", "APOL4", "PNPLA3", "ARHGAP5", "MIB1", "TBL1X", "PGRMC1", "SRPX", "STAG2", "NDRG4", "MYEF2", "UBE2W", "BNIP3L", "OLFM2", "CCNE1", "MYH14", "HBP1", "LSM5", "RPA3", "GLCCI1", "MPDZ", "EIF3A", "SEC23IP", "CCDC6", "SEPT4", "COL1A1", "MMD", "ALDOC", "GAB1", "SC5D", "C11orf63", "AMBRA1", "CD81", "LIN7A", "ACSS3", "METAP2", "CAND1", "MAPK14", "BMP5", "CCNC", "PHACTR2", "ENPP5", "HMGCS1", "HMGCR", "CCNG1", "TARS", "PRLR", "NR3C1", "C5orf15", "SMAD5", "RBP1", "CISH", "MAPKAPK3", "HDLBP", "CEBPZ", "PRKD3", 
"ORC2", "ATF2", "AAK1", "MSH6", "DHCR24", "SCP2", "ANGPTL1", "GNPAT", "RRAGC", "LPHN2", "KDM5B", "PHF3", "FBXL5", "TMEM214", "YPEL5", "SOCS2", "EPHX2", "RDH10", "ZMYM2", "BAI2", "ACVR2A", "RPAP2", "ACO1", "DCAF10", "VPS26A", "CDKN2C", "ITPR2", "PLP1", "ACVR1C", "ACSL3", "CHPF", "ZNF391", "C17orf53", "GDF5", "AGO3", "SIX1", "COX7C", "ABHD8", "FGL2", "GNAI1", "SGCE", "CASD1", "KLHDC10", "NDUFA5", "NARG2", "GAMT", "ACSS2", "GFAP", "MCCC2", "ACACA", "GRSF1", "ZRANB2", "MATN2", "POSTN", "LPIN1", "ANO3", 
"FADS2", "NREP", "TMEM2", "SRPK2", "CAPRIN1", "SLC19A3", "BIN1", "RDX", "DBT", "FBXO11", "PLCE1", "STAT4", "CARF", "AGPAT9", "FGF2", "KIF21A", "TMEM117", "SDSL", "SUOX", "TSPAN3", "NCOR1", "FAM134C", "AKT1", "C1orf222", "MPC2", "DCAF6", "FAM63A", "SRP9", "LEFTY2", "GALNT13", "GOLGA4", "PTPRG", "COL8A1", "PHLDB2", "AGTR1", "MED12L", "CRHBP", "FBXL17", "ARHGAP26", "HMGCLL1", "PHIP", "ZMYM4", "C6orf211", "IGFBP3", "DIAPH2", "WHSC1L1", "STOM", "TCF7L2", "SESN3", "FADS1", "SIDT2", "ADRA2A", "SLC2A13", 
"SAV1", "SERP2", "PTPN14", "PDE3B", "JMY", "IGSF10", "MBNL1", "GJA1", "GPR180", "BANK1", "SCOC", "RMND5A", "C21orf91", "DKK2", "FAM126B", "RWDD2B", "CCT8", "MAPK13", "BAG4", "FCN2", "S100A1", "ZYG11B", "PPAP2B", "AK4", "NFIA", "VCAM1", "B3GALNT2", "EIF4E3", "SERPINI1", "PRICKLE2", "EGFLAM", "COL1A2", "KIAA1429", "NIPSNAP3B", "ABCA1", "ALDH1A1", "TSHR", "VSTM4", "STOX1", "RET", "AVPR1A", "COPS2", "CYB5A", "C11orf74", "TMEM135", "NAV2", "TERF2IP", "MAPRE2", "PCMTD1", "COL3A1", "NMD3", "AGPAT2", "FASN", 
"UGP2", "TOR1AIP2", "FAM161A", "MINA", "GSTA4", "NUDT6", "HAS2", "PDGFD", "PKIA", "KCNK3", "MLLT3", "PTEN", "RAB33B", "ORMDL3", "CALB2", "ID4", "CERS6", "RCAN2", "CES3", "DHCR7", "RHOD", "GOLGB1", "SCAI", "GPR64", "C1QTNF1", "RGMB", "CADM2", "LPL", "NAALADL2", "TCAIM", "LYNX1", "NRIP1", "FAM211A", "IDH2", "KCNA4", "TTC3", "PAPPA", "CADM1", "CSMD1", "LIN9", "RBM43", "SH3BGR", "BRWD1", "DRG1", "PCYT2", "AIDA", "MARC1", "INSIG1", "PRR5", "NAP1L1", "CMC1", "CHP1", "THSD4", "TCEA1", "NHS", "TMEM198", 
"ADRB3", "KIAA0408", "CPNE4", "KPNA5", "MAP3K5", "SLC2A10", "MAP1LC3C", "STYX", "GFPT1", "FAM115A", "STK39", "MT-ND6", "DZIP3", "DMD", "BMPR2", "DDR1", "LGR4", "COL6A6", "LINC00998", "CEBPZ-AS1", "PPP3R1", "APOL6", "DIRC3", "AC090186.1", "AC015987.2", "PEG10", "STON1", "N4BP2L2", "EID1", "UBBP4")
