c("ENSG00000011198", "ENSG00000017427", "ENSG00000046653", "ENSG00000050628", "ENSG00000077274", "ENSG00000088179", "ENSG00000088882", "ENSG00000099194", "ENSG00000101856", "ENSG00000105173", "ENSG00000109929", "ENSG00000112175", "ENSG00000112796", "ENSG00000114115", "ENSG00000116171", "ENSG00000117114", "ENSG00000123612", "ENSG00000134824", "ENSG00000134986", "ENSG00000135048", "ENSG00000135917", "ENSG00000138378", "ENSG00000144810", "ENSG00000146674", "ENSG00000152580", "ENSG00000156735", "ENSG00000162692", 
"ENSG00000165092", "ENSG00000165409", "ENSG00000165633", "ENSG00000165730", "ENSG00000168542", "ENSG00000170962", "ENSG00000173698", "ENSG00000180071", "ENSG00000188778", "ENSG00000188869", "ENSG00000197442", "ENSG00000197769", "ENSG00000205213", "ENSG00000215559", "ENSG00000221963", "ENSG00000223839", "ENSG00000226549", "ENSG00000226576", "ENSG00000228314", "ENSG00000231672", "ENSG00000235823", "ENSG00000243244", "ENSG00000246859", "ENSG00000257219", "ENSG00000265787")
c(324.45985842726, 1194.93222425229, 73.6926949247371, 1005.03447035347, 35.3670806623832, 184.641101920892, 227.423736204302, 15149.4111426844, 858.053270764376, 10.9049866690472, 294.986651564576, 26.9730638403256, 16.8851057486399, 27.4772454350581, 963.924151576869, 397.468095094922, 429.258864788272, 288.106471531686, 220.926016178162, 353.26161706952, 1509.03256375142, 61.4103797887877, 554.119458434421, 1733.59992585305, 236.827607303522, 162.567212302465, 149.561731057478, 1186.76174843523, 
30.8719433297965, 210.143135001166, 104.588156777833, 13525.6645865952, 295.919772169305, 99.5863118863891, 1.48733892858569, 18.5927286747708, 4.81856184488768, 329.858503720997, 49.2089236296737, 355.923859190995, 5.75568979006953, 327.681149878432, 38.1522265969421, 1.69308606215861, 13.6779702145214, 34.5309223069131, 33.9622731897267, 29.3817772536345, 230.37730064316, 85.7120954935286, 9.94059108961835, 39.0928859127788)
c(215.461329945903, 562.941128099027, 49.3394522123329, 827.003310775317, 16.7243209777475, 149.208978399207, 135.695452435212, 4903.60313909992, 671.652909212845, 6.25071416600652, 175.535984612243, 13.5601334525577, 8.45649191309868, 15.7970378436346, 787.578356238908, 324.878625829451, 246.224791360259, 129.470537104785, 148.251006002484, 281.058196250333, 973.861480556509, 37.1398151190397, 430.477393280893, 1117.78752917661, 155.237250283108, 124.227674361213, 111.606475366358, 878.513189573337, 
1.56351105786471, 125.88362163526, 41.7550392541009, 9209.52115505903, 173.353986728244, 34.8175073255004, 0.224062806346997, 6.62594192907151, 2.45710460902483, 197.205274308594, 24.8930240786359, 284.746529176792, 1.36054490791523, 241.286635171636, 23.1174505186052, 0.277157134881578, 7.68790632272608, 6.66864379208649, 17.683332422855, 16.7734108830294, 151.095334912328, 56.6604990495476, 3.35725556273921, 5.59830480330611)
c(495.743260326535, 2188.06108963598, 111.962076329944, 1284.79772111914, 64.6628458810965, 240.320153169253, 371.568182127157, 31249.9665768885, 1150.96812463107, 18.2188434595398, 482.694842489672, 48.0505258782466, 30.1300703473476, 45.8318573644378, 1241.03897282224, 511.537261083519, 716.883837318007, 537.391511345388, 335.129603597083, 466.72413549967, 2350.01569448628, 99.5498385555344, 748.414132247108, 2701.30512063031, 365.041025478457, 222.815057638718, 209.205704286379, 1671.15234093249, 
76.9280511856892, 342.550941719019, 203.325912886554, 20308.1756932948, 488.523149290974, 201.365861910643, 3.47248712067507, 37.3976792751553, 8.52942321552929, 538.313578511915, 87.4196229241616, 467.773949213314, 12.6623460334549, 463.443958703398, 61.7783032914715, 3.91811723359394, 23.0909277587711, 78.3145028302122, 59.5434658233823, 49.1949244074426, 354.96324679161, 131.364604191213, 20.285832631857, 91.7272276562359)
c(2.3008456341145, 3.88683821525841, 2.26922009283997, 1.55355813499059, 3.86639588938371, 1.6106279645336, 2.73825080692784, 6.37285801693663, 1.71363528519509, 2.9146819028488, 2.74983413546766, 3.54351423209508, 3.56295147644825, 2.90129439570253, 1.5757657165045, 1.57454883274487, 2.91150145100179, 4.15068573408681, 2.26055534214363, 1.66059606774096, 2.41309030227109, 2.68040748820261, 1.73856779456652, 2.41665347851945, 2.35150406756578, 1.7936024222014, 1.87449432122681, 1.90225071264338, 
49.2021152000996, 2.72117164464445, 4.86949399446643, 2.20512829618064, 2.81806699984812, 5.78346577278271, 15.4978292796055, 5.64413024977958, 3.47133092510637, 2.7297118720544, 3.51181209032728, 1.64277313779963, 9.30681961307507, 1.92071955570077, 2.672366628048, 14.1368081152522, 3.00353916781119, 11.7436926115541, 3.36720841974474, 2.93291118607342, 2.34926675266032, 2.31845123842519, 6.04238558928937, 16.3848219914832)
c(1.20216419504918, 1.95859705856419, 1.18219654354076, 0.635576228903172, 1.9509893660564, 0.68762328752237, 1.45325459463798, 2.6719405188164, 0.777060091813713, 1.54333844183954, 1.45934460076278, 1.825180843458, 1.8330728356564, 1.53669669390576, 0.656053052076886, 0.654938501624716, 1.54176333776726, 2.05334970355364, 1.17667723765637, 0.731701187125115, 1.270881904862, 1.42245234266835, 0.797899325321471, 1.27301062136097, 1.23358382773147, 0.842860131569755, 0.906501454993661, 0.927707402902193, 
5.6206484332791, 1.44422796102243, 2.28377186479189, 1.14086259541048, 1.49470591228614, 2.5319342945863, 3.9539942518798, 2.49675128144029, 1.79548890514135, 1.44874867909547, 1.81221565136367, 0.716133262047271, 3.21828824486977, 0.941646886449656, 1.41811794799996, 3.82138451233884, 1.58666347752795, 3.55381420646533, 1.75155302227224, 1.55233338430611, 1.23221053663255, 1.21316138432644, 2.59511825126309, 4.03428809407872)
c(3.19706398119677e-05, 4.08354333167325e-05, 6.46808674670056e-05, 7.59884600179958e-05, 2.76122908944371e-06, 7.70808567621549e-05, 4.06147008249894e-07, 1.70124150936418e-05, 4.44833007941038e-05, 3.10678250543124e-06, 2.1554268651255e-06, 1.62805489668196e-09, 6.57230183430962e-06, 3.99494797739708e-05, 7.99446115383842e-05, 8.19048096434432e-05, 6.87408815514558e-06, 7.35243309126516e-05, 1.3684760742539e-05, 5.74582846606996e-06, 8.27426942425726e-05, 5.99900373439716e-05, 4.84010846484701e-06, 
2.6595316415195e-05, 1.50890472979607e-06, 5.52549055770977e-06, 4.09116686865324e-05, 8.18940454928487e-06, 2.31867882677755e-06, 1.34903351753188e-06, 8.34021428881557e-05, 5.66554563981879e-05, 7.73751654932013e-05, 2.52782577855454e-07, 6.98683451701851e-05, 5.2802788002795e-06, 6.12805123704926e-05, 2.89664297311308e-06, 6.44161414523451e-08, 1.66778884751968e-05, 4.06272034922919e-06, 2.05828680866406e-06, 2.8327441687662e-05, 5.71813154099838e-05, 4.44441625182608e-05, 1.36214211095618e-07, 
3.32507827054916e-10, 7.7225856073686e-05, 2.78434165438316e-05, 1.58430694388679e-06, 9.51241100314526e-09, 4.50082623746899e-07)
c(0.0279950907513495, 0.0333249327305694, 0.0444218051744968, 0.0459346194333029, 0.00544090820176174, 0.0459346194333029, 0.0017516215532621, 0.0170250528877114, 0.0346238243025395, 0.00544090820176174, 0.00539257009842041, 2.85121254055912e-05, 0.00852597940920477, 0.0333249327305694, 0.0463689437587388, 0.0463689437587388, 0.00859899327579032, 0.0459346194333029, 0.0149788259302554, 0.0077405149174064, 0.0463689437587388, 0.042881858122652, 0.00762294322603798, 0.0251764203448276, 0.00462432791804822, 
0.0077405149174064, 0.0333249327305694, 0.0098911063359742, 0.00541426963911402, 0.00462432791804822, 0.0463689437587388, 0.0417256823656269, 0.0459346194333029, 0.00126485179599502, 0.0453186788505723, 0.00770612688577457, 0.0429282245257775, 0.00544090820176174, 0.000451247954101968, 0.0170250528877114, 0.00677623061676674, 0.00539257009842041, 0.0254409480141551, 0.0417256823656269, 0.0346238243025395, 0.000795173159639184, 1.16464191504255e-05, 0.0459346194333029, 0.0254409480141551, 0.00462432791804822, 
0.000111060569265389, 0.0017516215532621)
c("ABHD5", "IGF1", "GPM6B", "PTGER3", "CAPN6", "PTPN4", "CPXM1", "SCD", "PGRMC1", "CCNE1", "SC5D", "BMP5", "ENPP5", "RBP1", "SCP2", "LPHN2", "ACVR1C", "FADS2", "NREP", "TMEM2", "SLC19A3", "STAT4", "COL8A1", "IGFBP3", "IGSF10", "BAG4", "VCAM1", "ALDH1A1", "TSHR", "VSTM4", "STOX1", "COL3A1", "PDGFD", "GPR64", "ANKRD18A", "ADRB3", "TMC3", "MAP3K5", "MAP1LC3C", "LGR4", "ANKRD20A11P", "APOL6", "FAM95B1", "SCDP1", "RP11-523O18.1", "CYP4F29P", "DIRC3", "LINC00263", "STON1", "STARD4-AS1", "RP11-54A9.1", 
"CYP4F35P")
