c(190.142528491008, 542.139256873315, 759.179497463907, 471.503448787692, 12919.2320035552, 939.28484273817, 29.6691312906086, 199.498442631073, 99.5928017517162, 260.983268974546, 25.0713821305912, 878.211736104911, 496.906346674538, 934.775824221704, 71.4917826448947, 159.938938305658, 18.3371144216548, 363.548115837183, 222.64651879007, 376.778727876478, 1120.42508583523, 16.0343597470785, 524.182832299675, 36.2209181821168, 259.498746427175, 366.687320351474, 265.461934843591, 521.508026591893, 
135.063613420864, 306.841644961626, 3741.88372181017, 57.8560995452625, 228.011109422796, 112.891835800572, 560.407874680005, 260.084161678413, 399.731681666347, 149.559442743461, 26.3702158028847, 227.110339450469, 38.8235337813277, 32.6843160135058, 340.863412271374, 692.507201080297, 34.9858699190899, 1087.97187010239, 93.5895307896934, 56.3367360429898, 135.569413526312, 181.212636292918, 441.114664710815, 198.824194133232, 212.965464172361, 180.823523914351, 146.855376297961, 379.262567616904, 
37.1399113976642, 35.9199504663053, 227.672551816124, 344.567586087797, 478.601145842355, 112.65275825471, 467.634404224862, 212.850020036252, 139.764613802223, 76.4587537056967, 43.2547822638573, 812.303798436506, 110.594410641327, 55.0338236388811, 34.5389744649535, 329.319633842032, 301.882177550226, 191.05611453088, 163.949522641658, 46.9963613120015, 2679.02414772516, 189.103041229179, 328.448230551457, 233.197985601757, 600.935972578649, 52.0803795384374, 344.535564694586, 153.69235876864, 
76.8243805595005, 125.287840542577, 35.1898303521299, 183.972059826218, 861.736938480357, 122.714036995558, 124.925563048171, 985.763575552335, 938.573609478682, 542.260872959344, 365.318151891188, 223.829993085537, 570.0369305183, 13.2877192002672, 267.815501326508, 9.73101041067896, 91.1275162733511, 265.800794673793, 12.6815349734742, 101.531949175176, 226.311756533424, 10.0869209378689, 566.142617879317, 34.0305307057477, 140.303707375233, 88.5524727257623, 880.82940103282, 240.241462935498, 
52.8238759537321, 1602.73517108825, 2672.54269952449, 319.470141656998, 609.813002048449, 197.145682176999, 40.2174570188507, 231.266758969606, 92.6800360096105, 177.79021242946, 1211.87894545452, 1563.75852684902, 163.564204182204, 1358.47205999158, 451.361565390719, 68.063077749128, 442.232403170506, 417.761670481513, 298.009468204682, 83.8220400928047, 38.5497629867244, 430.281349954121, 225.685365263165, 2035.97932007509, 377.183938243795, 548.808061978047, 131.252752055556, 1406.7693486032, 
274.966401433818, 186.44038492857, 873.350661887547, 183.476385777511, 70.2550186135831, 15.1974322748095, 62.6379891830059, 1309.18156320792, 583.74794646435, 190.976189063238, 8.19737363309674, 129.627437254681, 210.884241265618, 853.948389650224, 24.1196766906265, 8.71830870598056, 1869.87726420838, 100.134403244492, 438.884868004736, 121.950902836391, 217.564376856543, 2050.15829097348, 769.114009662233, 58.8024085216811, 253.783104321879, 111.857760966105, 49.6964271984082, 85.4814712553024, 
2197.5318058236, 421.410554511772, 46.0493548444328, 380.175384811153, 162.005885038233, 172.098331786978, 107.445527333978, 176.483528438087, 445.038904915984, 107.781964568914, 150.143898051247, 42.4263846240542, 21.9735550119291, 383.278978577725, 25.9911315932372, 37.9359527734636, 142.679892922278, 36.2189529582025)
c(-0.359570178551227, -0.341488663239052, -0.183657326184229, -0.362940886099772, -0.473099781445795, -0.273916806582233, -0.999329674869679, -0.243139228823981, -1.30380722531022, -0.435068295684356, -0.702101481421552, -0.286606921387285, -0.181313375634399, -0.991533461112672, -1.16519273668052, -0.351725923698129, -0.853668955192541, -0.267407326715369, -0.276281414448047, -0.321042350345403, -0.452128006741922, -0.930393087766407, -0.592881039189814, -0.571197312069618, -0.450073653634328, -0.193104034204679, 
-0.224442994855921, -0.287274474366209, -0.344408424439187, -0.501977436143322, -0.253719880469289, -1.07620969305361, -0.611267494351127, -0.566876086751061, -0.253536964930511, -0.252925407482276, -0.298234604372556, -0.268088649167564, -0.977689718645687, -0.32510030280706, -1.35425502290557, -0.853904664120504, -0.304942520386893, -0.247464173659362, -0.965908689547628, -0.646936594435288, -0.634172620660435, -1.02875823501944, -0.383893024674041, -0.247822857861562, -0.288777711591889, -0.437337678015093, 
-1.11662099372429, -1.22018149805732, -0.458217990986169, -0.874054506622928, -0.747521168146418, -0.535970658679906, -1.57023947661546, -0.889959716458341, -0.465028322420618, -0.801130292926262, -0.234115465304631, -0.250755404928458, -0.53033401276221, -0.85389450835663, -0.668699958437809, -1.01307338092437, -1.00360449694252, -1.29694987225133, -0.800732052539228, -0.240292150480282, -0.44186188371324, -0.268997839308046, -0.279320849584267, -0.444026120538518, -0.431520984125045, -0.300223887673759, 
-0.500679336545883, -0.542411419546503, -0.991915098734387, -1.06913593649083, -0.32403236626782, -0.494954126147789, -0.718715051701769, -1.01973560078894, -0.709842914830366, -0.399436448076241, -0.370013177368773, -0.557918859428786, -0.332237299042091, -0.311797298731648, -0.545816958650981, -0.707810359725574, -0.741536176245819, -0.363084983147399, -0.812823981514986, -0.870684619602656, -0.375903819093594, -1.26783547726394, -1.14446182585399, -0.271599486170924, -1.21772898095071, -0.305244009145421, 
-0.288104181049788, -0.963351358955414, -0.445437242144438, -0.633791197768029, -0.384049566697214, -0.526916108703742, -0.172127615230749, -0.250502392576659, -0.374651550281851, -0.377433095313194, -0.396981639495951, -0.498684648705125, -0.291908907991671, -0.774649022557307, -1.13137129667461, -0.317579606824093, -0.353661037458133, -0.294372104824002, -0.34857275413719, -0.863276448534652, -0.461062455230767, -0.277647073506581, -0.400885845015822, -0.623991904294836, -0.435130437264189, -0.446246784924838, 
-0.805680228857094, -0.930802850852282, -1.00810917599163, -0.600926191848401, -0.629189634046315, -1.57213461058743, -0.425697477017614, -1.20964028672273, -0.761449773071309, -0.429696121998914, -0.309995228504946, -0.255116511222616, -1.09985049421912, -0.345952945287096, -1.221165669983, -0.774273338329145, -0.383482525083714, -1.21863664356333, -0.471566965604497, -0.229347725441007, -1.08524151763565, -0.550657684395813, -0.631990396628561, -0.555831503895076, -1.257095211278, -1.12499803877698, 
-0.413724322216327, -0.889792683838838, -0.503971818301314, -0.422722202615763, -0.38472867061867, -0.289982382126939, -0.726081062431144, -0.571872515186796, -0.272511147564207, -0.350832182224456, -0.515910544430242, -0.331039683260213, -0.664518061418644, -0.895490703172426, -0.714750318756522, -0.53223410779037, -0.267660832137815, -0.579324774676084, -0.449914300774457, -0.468579998792396, -0.211395653969665, -0.604200976572402, -0.484023780604419, -0.534062175152559, -0.754185574859641, -0.728898432546783, 
-0.83116944667477, -0.538349839823633, -0.527444162129013, -1.22641528836042)
c(0.10229031599416, 0.0935922455874771, 0.0455294959308623, 0.0778570381537416, 0.127951813144307, 0.0535764864262529, 0.275269517291847, 0.0765091612848605, 0.280870640352369, 0.118931148308277, 0.216208201607067, 0.0895677290030737, 0.0555810004906964, 0.263699534837106, 0.337951551582002, 0.112316488836869, 0.267889872127447, 0.0834541940670677, 0.0853455946825889, 0.0944540420449258, 0.137940376649935, 0.280409075968006, 0.178560863589923, 0.165372713534658, 0.128442529654797, 0.0593113823880117, 
0.0664590743134358, 0.0907576506335671, 0.111781387281059, 0.121272824906966, 0.0797412492869052, 0.306873878579519, 0.170992241598804, 0.168722092639039, 0.0823848214355688, 0.0793586870413455, 0.073326301479471, 0.0844466080691147, 0.28650529172538, 0.0902152906790025, 0.423769971954145, 0.2504095919974, 0.0935353890881645, 0.0601933802468394, 0.307913345029625, 0.164129702118036, 0.201726922474864, 0.297425461721971, 0.0787931711112636, 0.075144152258065, 0.073488139427599, 0.112036092711367, 
0.326958904791515, 0.288862030529612, 0.143922749617346, 0.168721871514839, 0.206145084262518, 0.170170259506082, 0.367737982154362, 0.283352443424099, 0.132005702313818, 0.194025878470899, 0.0697519038177438, 0.0784789693807827, 0.166540979399993, 0.197772892194198, 0.215298864531167, 0.305003660853489, 0.294106895268351, 0.308380301713328, 0.255248004797838, 0.0687920411550119, 0.137048729252736, 0.0764188212111537, 0.0867389310420318, 0.131198869369877, 0.138945230374385, 0.0865206954404685, 0.108832790830729, 
0.147220381444343, 0.277175946725164, 0.324286636377514, 0.0874686237158204, 0.101071152432988, 0.232094048470656, 0.179578049078802, 0.218396984524562, 0.122169240523147, 0.119711729455865, 0.173456826307992, 0.0866288549623541, 0.0987708327378466, 0.131641135837717, 0.184491939726391, 0.231166652639512, 0.117863718669582, 0.205174917102765, 0.267275708579922, 0.119939130436587, 0.30346060921737, 0.330795564876812, 0.0748027937253275, 0.313367163707744, 0.0890431709916524, 0.0865478860270011, 0.289665735759942, 
0.126609958269548, 0.194596587415605, 0.112392598362251, 0.133472125668223, 0.0522302177399929, 0.0783039971432649, 0.119078183856625, 0.0871154948570941, 0.0961003355312822, 0.106041075826999, 0.0883313952740594, 0.235432301227981, 0.36282272386195, 0.0999952185872338, 0.113508234254972, 0.0847484680654195, 0.0981973920771682, 0.224388426355051, 0.147507453878624, 0.0621875548849446, 0.0795652003748562, 0.195050323069546, 0.124353412377843, 0.111536657873399, 0.232767035165988, 0.238102535515816, 
0.298813939313551, 0.185422144333104, 0.191284742128905, 0.400864568962179, 0.132371944000268, 0.355465204788296, 0.204639522515549, 0.116244523971302, 0.0921509434979862, 0.0763588859060181, 0.225241512296038, 0.0998546024642185, 0.308448454130386, 0.240553953404984, 0.121058789147419, 0.307939886131214, 0.120908525032544, 0.0744494463892345, 0.32786279111518, 0.162475659465029, 0.198592004690584, 0.154358929926922, 0.330945644776822, 0.329147922233998, 0.132925489877563, 0.214031005953585, 0.121391660761553, 
0.134746423568457, 0.105288150280899, 0.0817342771845467, 0.156941367277441, 0.163530807867778, 0.0831466310987441, 0.104293520061093, 0.133134052258042, 0.0996301388374259, 0.178181967950717, 0.227802469957529, 0.221812189482454, 0.129576665210325, 0.081456789096905, 0.152566288778376, 0.121901543943967, 0.110931309441958, 0.0542392901837019, 0.178869126815101, 0.157014670202876, 0.1641274130185, 0.226528324467648, 0.196516261454155, 0.261765862707579, 0.169704214920526, 0.101774499025533, 0.229648705030663
)
c(-3.51519276342597, -3.64868543430637, -4.03380978482865, -4.66163232902702, -3.69748399666851, -5.11263102255268, -3.63036810142028, -3.17791000111373, -4.64202033959305, -3.65815265279901, -3.24733972255843, -3.19989045806274, -3.26214666943156, -3.7600880173155, -3.44780999295929, -3.13156088959461, -3.18664139264815, -3.2042407179736, -3.2372076786807, -3.39892654030309, -3.2777060475145, -3.31798492810754, -3.32033026313877, -3.45399975522508, -3.50408587283315, -3.25576687694451, -3.37716101487357, 
-3.16529209780976, -3.08108919397484, -4.13924089364961, -3.18178963507854, -3.50700977885525, -3.5748259022496, -3.35982133628359, -3.07747180260379, -3.18711683511729, -4.06722551601832, -3.17465266275881, -3.41246652987763, -3.60360533519543, -3.19573144048089, -3.41003176958721, -3.2601833740111, -4.11115263247499, -3.13694974621739, -3.94161803797118, -3.14371831424462, -3.45887749173644, -4.87216111827695, -3.29796598157729, -3.92958256721678, -3.90354275511717, -3.41517229645819, -4.22409790521859, 
-3.18377735420184, -5.18044577608928, -3.62618963639452, -3.14961415840557, -4.26999535760855, -3.14082245313947, -3.52278965430678, -4.12898680959415, -3.35640251363398, -3.1951923796525, -3.1844055119219, -4.31755079719505, -3.10591493315101, -3.32151220116342, -3.41238003286799, -4.20568325877371, -3.13707467830523, -3.49302254222726, -3.22412244259768, -3.52004696022169, -3.22024777373512, -3.38437459614623, -3.10569123504506, -3.46996618722663, -4.60044562603017, -3.68435004871635, -3.57864782443741, 
-3.29688558379632, -3.7045554451683, -4.89708600558358, -3.0966543797121, -5.67850918316561, -3.2502413729551, -3.26953369248916, -3.09086819688114, -3.21647104529711, -3.83518054332438, -3.1567750325565, -4.14624923415921, -3.83653812071836, -3.20779908251815, -3.08054919058908, -3.9616147675004, -3.25762720536311, -3.13412159755766, -4.17792437883028, -3.4597254237075, -3.63087356293436, -3.8859495249681, -3.42804513525285, -3.32884134177356, -3.32573459690719, -3.5181848902921, -3.25694919004116, 
-3.41703610641145, -3.94776142258737, -3.29555614888716, -3.19910096183647, -3.14626523640086, -4.33255984979874, -4.13090794429877, -4.70274980535568, -3.30470165320027, -3.29032600249349, -3.11824817539567, -3.17594792342038, -3.11573023560307, -3.47347995242544, -3.54971498492816, -3.84724142219655, -3.12568919812114, -4.46467261850487, -5.03845705317306, -3.19913289286041, -3.49914352122532, -4.00089794183501, -3.46131585291946, -3.90925215825958, -3.37370197089034, -3.24085450532197, -3.28928291427609, 
-3.92185973097502, -3.21591920578542, -3.40297804237452, -3.72093212352688, -3.69648485209501, -3.36399408120786, -3.34101929586311, -4.88298308339171, -3.46456684769301, -3.95905913493991, -3.21870967975995, -3.16773798734041, -3.95738486129096, -3.9001961646424, -3.08058335641527, -3.31004782196951, -3.38917032993694, -3.18235569258306, -3.60090280593563, -3.7984944993784, -3.41791019411995, -3.11245286812488, -4.15730739513414, -4.15161811890236, -3.13716825590553, -3.65405479716616, -3.54786745678551, 
-4.62644792145577, -3.49703228794161, -3.27747671749413, -3.36389242609652, -3.87512087013094, -3.32268615825574, -3.72943496506023, -3.9309964608346, -3.22232209340804, -4.10748422122503, -3.28592417041375, -3.7972004124557, -3.69080067584103, -4.22405541906606, -3.89746350392296, -3.37789414713794, -3.08266596986779, -3.25394865690329, -3.32932129627503, -3.70909983302744, -3.17524003350764, -3.17228325811322, -5.18247858922586, -5.34039714352697)
c(0.000439434897271757, 0.000263585612854275, 5.48797481492433e-05, 3.13711258422469e-06, 0.000217746941988024, 3.17702480725062e-07, 0.000283017304786749, 0.0014834078930794, 3.45018887877086e-06, 0.000254039731116659, 0.00116489253741873, 0.00137479828266642, 0.00110571918104263, 0.000169853585313067, 0.000565151460100618, 0.00173879725505487, 0.00143935115228967, 0.00135419202498241, 0.00120705533684243, 0.000676508839631945, 0.00104654318146201, 0.000906693768131596, 0.000899110146207235, 0.000552337876903613, 
0.000458177585536987, 0.00113086561734423, 0.000732381643719528, 0.00154927334903723, 0.00206244856794476, 3.48456909138839e-05, 0.00146368089777071, 0.000453172494663347, 0.000350461022233679, 0.000779928923367069, 0.00208764588462032, 0.00143698715163902, 4.75761965489236e-05, 0.00150015954375086, 0.000643778320837379, 0.00031383347675013, 0.00139476869970112, 0.000649553125788623, 0.00111340203604133, 3.93688829790829e-05, 0.00170715385376279, 8.09337888712605e-05, 0.00166815931990769, 0.000542431565374336, 
1.10384089908126e-06, 0.000973879324528369, 8.50934544760271e-05, 9.479479499796e-05, 0.00063741677789084, 2.39899750386416e-05, 0.00145366776153316, 2.21356268680349e-07, 0.000287634156201501, 0.0016348622187525, 1.95477036219485e-05, 0.00168474132301935, 0.000427030130641369, 3.64365303469772e-05, 0.000789635535518415, 0.00139737660874659, 0.00145051656903489, 1.57770106549606e-05, 0.0018969127728223, 0.000895310678119618, 0.000643982655151408, 2.60294569926463e-05, 0.00170642657385972, 0.000477586191352716, 
0.0012635935904334, 0.000431470398629372, 0.00128079844462019, 0.000713405993329353, 0.00189834825336817, 0.000520523888510644, 4.21588060714412e-06, 0.000229286959075349, 0.000345376498847746, 0.00097763318698893, 0.000211761787007173, 9.72682733062171e-07, 0.00195717920530508, 1.35873740137419e-08, 0.00115307095423539, 0.00107724907349218, 0.00199572200228293, 0.00129777628498425, 0.00012547209298589, 0.00159524368566271, 3.37965941052779e-05, 0.000124780834634563, 0.00133754905235602, 0.00206619221660035, 
7.44445836762585e-05, 0.00112347892134744, 0.00172369411044776, 2.94181423682595e-05, 0.000540726461387941, 0.000282463544363776, 0.000101930685715995, 0.000607944375172659, 0.000872080681052108, 0.000881858543262573, 0.000434509512119024, 0.00112616589497946, 0.000633068828768401, 7.88853579004068e-05, 0.000982270720363495, 0.00137856882008266, 0.00165369962194681, 1.4738557905618e-05, 3.61333266006078e-05, 2.56680879610959e-06, 0.000950775511315245, 0.00100071370294776, 0.00181929538995176, 0.0014934775891908, 
0.00183490046835038, 0.000513755742171216, 0.000385648433132519, 0.000119455245493399, 0.00177388921231636, 8.01912741619476e-06, 4.69299692775613e-07, 0.00137841613653804, 0.000466755269104419, 6.31025712941349e-05, 0.000537541731546111, 9.25822858351198e-05, 0.000741646167622787, 0.00119171991425176, 0.00100443005827522, 8.78681420488884e-05, 0.00130027433513393, 0.000666556371205974, 0.000198488787604067, 0.000218605296349205, 0.000768231907513086, 0.000834714216601095, 1.04492838729718e-06, 0.000531086128760068, 
7.524560581722e-05, 0.00128768786657252, 0.00153629910334403, 7.57747916464191e-05, 9.6114779482155e-05, 0.00206595517265337, 0.000932800327650258, 0.000701044492997233, 0.00146082292880312, 0.000317114116581431, 0.000145577659362084, 0.000631039249845238, 0.00185539637568994, 3.2202056528903e-05, 3.30132801686441e-05, 0.00170588200771021, 0.000258131139161173, 0.000388363603270104, 3.71990348380058e-06, 0.000470464886674641, 0.00104739368061461, 0.000768514920460299, 0.000106571787303131, 0.000891551602071904, 
0.000191909628751162, 8.4594517440543e-05, 0.00127156104400623, 3.99992093995595e-05, 0.00101648370280107, 0.000146339473688786, 0.000223549266741146, 2.39945005487584e-05, 9.72054657084469e-05, 0.000730431917956506, 0.0020515529326231, 0.00113812847762742, 0.000870579114636047, 0.000207997410104008, 0.00149712602623979, 0.00151245408446461, 2.18956507807894e-07, 9.27431851164159e-08)
c(0.018510481679233, 0.013002888749701, 0.00465365916659008, 0.000616680282844411, 0.0115292077838804, 0.000100533463046999, 0.0135995056011233, 0.0396002757300662, 0.000668100753927958, 0.0126626612779898, 0.0341930221277615, 0.0382988262778425, 0.033455643359593, 0.00988197495897639, 0.0221518883484756, 0.0435258243603723, 0.039144814672764, 0.0381257880354852, 0.0351128608524521, 0.0251490707317618, 0.0322776380339525, 0.0299324298924665, 0.0297577934614609, 0.0217812511092628, 0.0191138134879642, 
0.0336510333014313, 0.0264250378744116, 0.0406066109705232, 0.0491867482902256, 0.0033241764258583, 0.039284811785081, 0.0189659998250396, 0.0158427919946333, 0.0274222164004454, 0.0496064426869305, 0.039144814672764, 0.00417063225693064, 0.0398017789787806, 0.0243586908686133, 0.0147994192393075, 0.0384100934785555, 0.0244269630550191, 0.0335157262542928, 0.00364837062693301, 0.0430070176674145, 0.00617667633421019, 0.0426376697174436, 0.0215454996067445, 0.000255736282583576, 0.0310090983401085, 
0.00638151721602298, 0.00672058836231439, 0.0242517456784626, 0.0024608588521866, 0.0392097412435162, 7.76182764826717e-05, 0.0137703525555656, 0.0422523952711055, 0.00213119249404336, 0.0428584978918688, 0.0182847818974955, 0.00342556191827306, 0.0276884633454484, 0.0384100934785555, 0.0392062540972054, 0.00186082669306781, 0.0462954327804486, 0.0297263140116768, 0.0243586908686133, 0.00261787732575653, 0.0430070176674145, 0.0196704864971751, 0.0364308072050733, 0.0183537604977622, 0.0367634491604034, 
0.0259992397681321, 0.0462954327804486, 0.0210382458864084, 0.000781383357101254, 0.0119468634821027, 0.015667533902275, 0.0310090983401085, 0.0113061622412801, 0.000247442858406835, 0.0474625102983704, 8.81412952271439e-06, 0.0339227722454648, 0.0329613850495612, 0.0481273183227113, 0.0369950860176045, 0.00794085333853137, 0.0415596216421445, 0.00324797786608797, 0.00793581641445501, 0.0378894353826791, 0.0491867482902256, 0.00585360017342896, 0.0336510333014313, 0.043255720288103, 0.00291351892431907, 
0.0215454996067445, 0.0135995056011233, 0.00699708315597523, 0.0233357110162428, 0.0296187820836912, 0.0297174876371133, 0.0184226353275563, 0.0336510333014313, 0.0241571617189448, 0.00605596824496969, 0.0310090983401085, 0.0382988262778425, 0.0424853443468077, 0.00178708458193914, 0.0034218524037685, 0.00052859964001152, 0.0307614999596109, 0.0315001087899256, 0.0449591207413984, 0.0397872243165532, 0.0451934850864204, 0.0208948808743867, 0.0170764599708577, 0.00774906177515677, 0.0441348388661243, 
0.00113087129454034, 0.00013530431586824, 0.0382988262778425, 0.0193472295890119, 0.00518159974664624, 0.0215248963737014, 0.00667054433939431, 0.0266540647610472, 0.0348229147916719, 0.0315001087899256, 0.00655173146518551, 0.0369950860176045, 0.0248502941380066, 0.0108201408839293, 0.0115292077838804, 0.0270943276577498, 0.0288174591768755, 0.000252827950652061, 0.0213984827159414, 0.00588094271007598, 0.036839672750517, 0.040512082452816, 0.00588683920251881, 0.00677713667935586, 0.0491867482902256, 
0.0304074157058654, 0.0257641650954458, 0.039284811785081, 0.0147994192393075, 0.00882581566618538, 0.0241507469837526, 0.0455907435193206, 0.00314127429628562, 0.00319637535005961, 0.0430070176674145, 0.0127824175552559, 0.0171381952000896, 0.000699449678243894, 0.0194388899354038, 0.0322776380339525, 0.0270943276577498, 0.00717922142353073, 0.0297263140116768, 0.0106859893708909, 0.00638098412368375, 0.03657923056527, 0.00368049462943181, 0.0316255624943431, 0.00883073642622471, 0.011694871720563, 
0.0024608588521866, 0.00681699303838589, 0.0264250378744116, 0.0491867482902256, 0.0337335615736962, 0.0296187820836912, 0.0111510677631793, 0.0398017789787806, 0.0400460801874363, 7.76182764826717e-05, 4.29732172750136e-05)
c("FAM214B", "FYN", "PTBP1", "MAN2B2", "FHL1", "RNH1", "ABCC2", "BRD9", "FAM65C", "JADE2", "LAMC2", "HDAC7", "U2AF2", "WISP2", "NTN1", "RASSF1", "ST6GALNAC1", "GBA2", "TCF3", "PTPN18", "RAPGEF3", "IL12RB2", "EPB41L3", "ZNF671", "WNT11", "SRRT", "ATXN7L3", "SH3BP2", "HIVEP1", "ITPR3", "LGALS1", "SLCO4A1", "CDC25B", "HSF4", "MAPK3", "STX4", "IKBKB", "TRMT1", "FCER2", "NUMBL", "COMP", "CORO2A", "AKNA", "CASC3", "CCL8", "CPE", "BST1", "CRYAB", "TRIM3", "PRDM4", "LTBR", "STX2", "SMOC2", "FGF1", "HPCAL1", 
"LEPR", "KIF21B", "GALE", "HSD11B1", "CTGF", "PKD2", "KLHL29", "ZMIZ2", "PRDX4", "ATP8A1", "MSTO1", "TUBA4A", "ZFP36", "PDE11A", "C19orf80", "PDLIM4", "PSME3", "DIAPH1", "VIMP", "UNK", "KRBA1", "EMP1", "GOLM1", "RDH5", "MICAL1", "KLF4", "FGFBP2", "PREB", "TAPBPL", "SLC7A1", "RTN1", "PSTPIP1", "ULK3", "MFGE8", "IMPA2", "TP53BP2", "ADAM15", "GPC3", "CDKN2B", "ADM", "ENDOD1", "ADAM33", "TMC2", "HSPB8", "C10orf90", "PDLIM3", "PPP4R1", "GRIP1", "DCK", "NTAN1", "CACNA2D3", "FMNL2", "RHPN1", "ZFAND2B", 
"CBR3", "SHC1", "CRTC2", "PMF1", "C5orf45", "SQSTM1", "PLCD3", "NXF1", "NEXN", "RANBP3L", "GALNT10", "TMEM184A", "FAM219A", "NDRG2", "MFAP4", "MAPK7", "STAT6", "SMAD3", "EVA1C", "TUBA1A", "SLC3A2", "FAM107A", "AXIN2", "SHOX2", "PXDC1", "MRAP", "FOS", "MTSS1", "JUNB", "TPPP", "TLN2", "PPP1CA", "MUS81", "SNCG", "GNG5", "FIBIN", "B3GNT8", "PUS1", "JUN", "PDE4DIP", "SLC25A20", "C9orf139", "RGMA", "SPNS2", "GAS6", "TBX1", "TACSTD2", "SLIT3", "MAFF", "IFITM2", "UBALD2", "GAS2L1", "ZFP36L1", "RASA3", "C6orf1", 
"RNF220", "FANCA", "NOXA1", "TRMT2B", "APOD", "PLAC9", "RYR1", "TLE1", "ARRDC1", "SIPA1L1", "FCHSD1", "MAFK", "SMG5", "TCEA3", "ATP10A", "ZNF788", "CPEB1", "KIAA0040", "DBNDD2", "AGAP2-AS1", "RP11-644F5.10", "RP11-407P15.2")
