c(458.605587131395, 1169.17251173422, 1254.12940627713, 2393.72463989351, 394.035889674895, 518.736243030599, 513.066533469057, 261.624851530012, 206.301014014973, 218.971379979498, 190.106287701566, 508.300937918281, 968.282292080039, 131.420615322795, 467.741985133839, 172.493546979389, 923.358505247763, 180.204276955364, 5048.00094514359, 509.708553771611, 443.747326194811, 46.3650876209133, 605.160772680896, 1871.49574676406, 62.1091877591799, 202.188210725857, 224.996436156245, 3376.98453992835, 
548.609284963099, 383.706831063492, 926.65676654026, 404.032328060725, 174.462450937874, 115.759741245661, 2525.82835352567, 179.283042757898, 480.598414489419, 865.308111564982, 37.9330027245624, 742.316301103396, 1533.41431652166, 3096.25994730799, 414.981997420474, 568.821230283794, 534.72432254065, 3475.88201923821, 137.705481849961, 161.801627334854, 18.5544091830288, 145.621730186637, 208.465983009458, 788.78609351456, 1412.20716216311, 13580.5756844892, 398.242264964922, 33.3934182660093, 
34.4867989434955, 204.998097532827, 1303.45609523424, 621.15808103043, 557.138531580775, 218.867919440028, 21.5451239080221, 329.389212698374, 352.945502929786, 181.944715874655, 108.921982376185, 1404.64146345232, 1077.50880620536, 349.528422613149, 641.26069118364, 732.769370927272, 394.980915408016, 509.018649312826, 1646.1813675841, 191.201190144549, 88.4055298092846, 175.654018373318, 802.052739851813, 1429.77177238374, 1211.26409365977, 2895.13907266798, 137.90385128572, 79.5507584382071, 2722.09355572302, 
310.486955642704, 823.408172332812, 263.71846938761, 78.3409538176626, 1154.77856155979, 403.393796355384, 885.473585795015, 243.928584579348, 593.73039110349, 875.512485655278, 611.946132262216, 383.924073817646, 271.361583743541, 409.172590459627, 237.04109607898, 902.359578779423, 319.380168886335, 240.937780665015, 34.141933843153, 215.49963195603, 272.927622709951, 154.598073844321, 513.889895651659, 116.686830008305, 851.572432369957, 921.741962860121, 478.718634509982, 516.624570427319, 152.350227514074, 
229.974156148725, 843.394448585555, 254.509091490347, 1037.43215771535, 546.700858657728, 171.739891671448, 8256.66263879694, 186.193848619047, 679.999688565527, 207.694569698572, 555.077759959256, 95.1385993486472, 947.995549671876, 111.624094125883, 326.719594173041, 802.777106324339, 54.8664859851313, 2592.44051778203, 83.1782614584198, 17.2041133087946, 608.103385228178, 417.430906085565, 692.940742761907, 346.449317774836, 92.9963859435313, 72.806140524357, 886.989084597502, 643.622562590517, 
454.406550423496, 1425.20163043513, 2268.83796055679, 253.6361503573, 218.267289115399, 231.579345150263, 696.170601596051, 4990.16530916649, 130.804763841889, 455.968435474768, 1073.38803470681, 386.175199881752, 61.8516893712312, 238.169291094149, 511.964027170181, 241.970912802173, 187.681049344104, 153.950071217917, 113.117993568689, 351.240182855022, 855.860796466941, 1222.96467488015, 150.595616518933, 903.783109682411, 197.089818572602, 1268.97189293715, 67.9381846034918, 163.916683613029, 
1533.7811262377, 1548.38353919294, 99.5041158597492, 251.039962776368, 176.610472098922, 1029.38963470766, 154.943072676583, 1760.54303649171, 255.648012152112, 546.971484409251, 40.7685249103447, 19.3888201111879, 277.015086284479, 102.417127272725, 819.617681143194, 505.097004618754, 86.8702414684306, 281.286577717748, 839.025960015838, 726.51932731697, 3124.58303834276, 642.366492614286, 187.243529115693, 341.895289991842, 269.568701989963, 6892.89249279438, 286.785481721862, 1821.01758427942, 
999.695104712801, 27.051780645111, 511.869147987536, 104.872772843365, 29.4326675465751, 721.574261106668, 414.207661108464, 60.2735982989669, 99.9758650222224, 483.281756449716, 226.938064484798, 351.572023339546, 192.684667614744, 276.358353574687, 757.834943374287, 1217.36450861756, 404.239205939542, 239.60611204654, 415.742799486908, 255.352241585396, 941.547801334704, 459.973763266129, 312.623338436827, 301.939210698594, 661.205547813938, 616.211400272702, 312.634385269346, 684.267637153006, 
500.063613930412, 47.0933745492319, 13756.873068578, 2373.70432635437, 243.185818335672, 330.407727041247, 177.426432664642, 451.734103353195, 101.137537425072, 141.157334727688, 150.578942874437, 593.284147097468, 526.869137534491, 7454.33126585614, 387.6722377596, 315.77395800465, 341.957095436467, 314.946310009876, 744.192165402699, 113.625184223941, 707.421877075475, 37.3847780012504, 221.032152856055, 1083.16486297375, 70.4243128341268, 509.509682515074, 82.7115072769504, 263.948813869232, 155.457609952588, 
26.0070744958488, 1349.6446435643, 1619.45159249298, 1339.77309513747, 238.836191117797, 563.004007205347, 363.310492534847, 776.908723724018, 260.631993674929, 1474.75386415431, 719.246130969532, 1815.56666604251, 897.675201046695, 420.248734738646, 388.044164782194, 612.787200744838, 1814.76218054531, 216.873895258401, 20.3823271694049, 25.5778016947127, 341.128684316651, 496.911905046922, 1279.66079711507, 87.6716016448892, 152.360761702457, 21.0029796169318)
c(0.455286833369835, 0.384574590374224, 0.267456660596189, 0.829891574481867, 0.415630778487175, 0.314594935319476, 0.309453043574567, 0.271932313516072, 0.475879528703542, 0.490230589956997, 0.374171736854091, 0.403224426034567, 0.603973742919311, 0.379940053694611, 0.271965890796423, 0.556586703023731, 0.286915975090028, 0.839969003093439, 1.15021926506358, 0.805489234099824, 0.286058300686326, 1.3168477773259, 1.18947280454904, 0.307585583073832, 0.930196942021277, 0.472620270338233, 0.335950931080673, 
0.266860816205892, 0.207202478606571, 0.377367609619848, 0.399757976340459, 1.05596781928002, 0.353678448066806, 0.416837147373558, 0.507287267796284, 0.842239591280607, 0.750667531374731, 0.175893474819204, 1.05728309558351, 0.318793541598581, 0.465668424358617, 0.478392328950479, 0.429183472463117, 0.385367603121633, 0.481645661632306, 0.414926912861195, 1.43521209868433, 0.349185491203692, 1.09529245553126, 1.46845705425185, 1.49112637175885, 1.13284657841926, 0.329990189773184, 2.24331792305479, 
0.50680817006436, 1.30684627428544, 1.50233964995255, 0.413532302320144, 0.270013409774205, 0.474688884295726, 1.44832828545385, 0.38399534786519, 0.880366913089217, 0.386788234335294, 0.457166621914101, 0.5378332373391, 0.539562592438397, 0.461251154586221, 0.517103232234238, 1.37682818999419, 0.403483033425666, 0.280489447190816, 0.319816094865814, 1.41992911679436, 0.234758244066892, 0.39501429939794, 0.45322641545544, 0.299080821633406, 1.48225084200238, 0.877910797828074, 0.406196841425864, 
0.329107610760008, 0.533245292414099, 1.93833610280718, 0.777921664666974, 0.322635958811635, 0.231245238090199, 0.362328003246554, 0.532715997744051, 0.33481819976786, 0.593323459859252, 0.257556431837355, 0.450195125233667, 0.491032646872061, 0.344051626248266, 0.391023564781229, 0.28059440159703, 0.626467905121769, 0.328746356470136, 0.404110635196826, 0.731395303490292, 0.498255530437809, 0.316146625542813, 1.48459511422008, 0.557917714290574, 0.679461549401176, 0.438420641163102, 0.314709655313466, 
1.10890275148387, 0.71591337006943, 1.63306743466347, 0.419546715434379, 0.332571796609148, 0.70753136351988, 0.287533421139895, 0.639459445933055, 0.895771957328492, 0.453226680853133, 0.313223072206209, 0.359371803569931, 1.14458776140505, 0.544969380983166, 0.372128260850002, 0.455599727092436, 0.460612985569565, 0.74977280685455, 0.40648087139092, 0.492140768997154, 0.346740621309223, 0.35912605185992, 0.484125301108078, 0.369990862355512, 0.74390482383308, 1.53029913409982, 1.01232668147401, 
0.442001953256074, 0.374066663588282, 0.603032513667956, 0.478912302315147, 0.816116252099686, 0.445415849167195, 0.570544170525692, 0.235125556713171, 0.330200581896268, 0.613819973223737, 0.324866501735453, 0.590863804063118, 0.415922028260199, 0.412472476929828, 0.556931607963498, 0.819638480864476, 0.907124351476561, 0.625279504708851, 0.314109782013032, 0.721411428705141, 0.572741096334823, 0.317315234291111, 0.630020713361967, 0.611140252222157, 0.315977705517053, 0.719437370880839, 0.705960776938155, 
0.228997000886166, 0.431259805596281, 0.483845569824977, 0.970952429443116, 0.369716091339128, 0.764469442495102, 0.598385534496761, 0.509572964028613, 0.532265658687788, 0.395004966329921, 0.970755486860489, 0.278163021500329, 0.258666798357661, 0.449633748391018, 0.365034724231429, 0.436654363905332, 0.368386632996971, 0.417415651824615, 1.47582800184355, 1.42393471712422, 0.55043066403253, 0.42662220280281, 0.415330684193575, 0.364333866497853, 0.611746734476865, 0.424559772075572, 1.04379671493909, 
0.230112008446479, 0.428782660127082, 0.247998197036631, 0.337583560933399, 0.589411515248903, 0.588763326486312, 0.866565290491058, 0.679441067455494, 0.254783676567998, 0.616513990828258, 1.21330868886134, 0.351989696727886, 0.401222733576929, 1.42471128857818, 0.820746019521505, 0.338518070741011, 0.436719775198805, 0.406161399600912, 0.428959865479463, 0.323744418280269, 0.703611704734321, 0.509789854288324, 0.382666376577466, 0.293557747413438, 0.320828710261934, 0.403402400620559, 0.361097325766744, 
0.404251577569974, 0.278182303493858, 0.322560109499085, 0.454507904549368, 0.352081892758144, 0.562682860239675, 0.43123105813356, 0.424341946250319, 0.34813555011162, 0.506014637776792, 0.726394353539411, 1.49164045920913, 1.82427401898206, 0.409297360965705, 0.292471202028845, 0.303547147323704, 1.13637751596226, 0.278050753371195, 0.416158009257649, 0.410467931653793, 0.847437200281055, 0.513373798510601, 0.365356216996314, 0.863437190018381, 0.300899299914696, 0.412438630183829, 0.675713120029605, 
0.356864637372723, 0.410402976794605, 0.477132653798458, 0.42155291502932, 0.527586094367823, 0.462078628115726, 0.549827465969821, 0.420971857439846, 0.537013892125664, 0.662548403580726, 0.766023427350487, 0.356888654152872, 1.05192727643081, 0.357070010504143, 0.441913234170385, 0.178018923908735, 0.806767736383941, 0.413292341461527, 0.969655952853241, 0.776492318744557, 0.316715306072159, 0.983421476757557, 0.533502885686682, 0.648645495433663, 0.403681229936315, 0.833140890188977, 0.538740813453106, 
0.257084588225974, 0.600191498218279, 0.670095830480245, 1.33693238501649, 1.55319358178536, 1.13851222733792, 0.473799569710787, 0.459979137251582, 1.40537485377453, 0.374163557396716, 0.906566594327441)
c(0.139970044097254, 0.0905512854618993, 0.0852432136255291, 0.227266480579455, 0.109124359871854, 0.0924722561675476, 0.0951344270298331, 0.086928655520216, 0.144931097876079, 0.153455312047112, 0.0938862445743544, 0.117615231242957, 0.160937688886967, 0.0972549629470554, 0.0799253490455968, 0.176181826836121, 0.0852759909718088, 0.269871210038404, 0.297153751730619, 0.230760527904601, 0.0923556863421283, 0.415644282334307, 0.244248395666797, 0.0790183246654634, 0.235082474585392, 0.123820695664592, 
0.0961526920129041, 0.0716259923742469, 0.0594549748095615, 0.107944882112874, 0.120398713961567, 0.23487124554957, 0.0947350360939382, 0.111722473540194, 0.120398026563395, 0.250310863535971, 0.221672092048851, 0.0537894167185584, 0.254372426556068, 0.0895859763229224, 0.133752574229927, 0.120673981340938, 0.123529758993511, 0.11502727227915, 0.153061338929768, 0.107943921810746, 0.354954172692019, 0.112320839399729, 0.313667244826047, 0.433488074015458, 0.405805262439933, 0.249247207263822, 0.0982653639232898, 
0.362859628878634, 0.142284491479214, 0.303335759484864, 0.426985436966408, 0.109915844568196, 0.0730475016184262, 0.144575487061562, 0.459415169827295, 0.0923043263268402, 0.268247555980081, 0.121432757788728, 0.143223254668731, 0.171634557548574, 0.157414456577957, 0.0961471128870519, 0.126218633379426, 0.308496386039414, 0.12535475467893, 0.0789560014791121, 0.0912609562141571, 0.32174674386757, 0.0742763326980421, 0.10669957043453, 0.132965550764343, 0.081648641947538, 0.286282393097479, 0.255942054357214, 
0.104209675109325, 0.102191765971531, 0.156580993161631, 0.44910091218842, 0.149423190150562, 0.0822993073677997, 0.0661862931535409, 0.107243659725221, 0.146709141665933, 0.094679698392547, 0.187609065948149, 0.0777565197311998, 0.10018702320035, 0.147299863949675, 0.10057125884746, 0.0906866647117296, 0.0748039405347496, 0.156264649373285, 0.106166443732622, 0.099493326536644, 0.213376382528911, 0.125332203338277, 0.0864533972474984, 0.397104453637532, 0.157666210798028, 0.206033938751869, 0.116171615450121, 
0.0990534236845908, 0.242839577624413, 0.216338064795172, 0.266266135403394, 0.126145598639215, 0.0726380378564063, 0.182239528848927, 0.0924160640434189, 0.167223546559938, 0.255661493796674, 0.134294786943151, 0.100977159235222, 0.11150741911177, 0.270094223825629, 0.164289449758573, 0.117981793364683, 0.136065971198228, 0.095132919428928, 0.157891231782448, 0.098171441798213, 0.157653840882198, 0.0959413489291756, 0.0955337256073741, 0.153713204030752, 0.0914506158332615, 0.174395527635445, 0.386801145186787, 
0.233752383169225, 0.112877897023672, 0.118707163926685, 0.177390104266566, 0.144529559723755, 0.237963057136336, 0.118332708018215, 0.182125072831305, 0.0707652636788642, 0.101673810854045, 0.156636625546349, 0.0961860281993114, 0.141424333649749, 0.107216861173134, 0.107718597451432, 0.147365365322143, 0.256346469701735, 0.152891736550711, 0.12869357609522, 0.0918034397272038, 0.220904383215067, 0.167374019909357, 0.0928005762364053, 0.1894732068357, 0.15153421502355, 0.0975699854447085, 0.22034789032252, 
0.160698886920064, 0.0701359542588652, 0.118516312321254, 0.146595965753082, 0.295174381516802, 0.107121500484517, 0.233532550582856, 0.159717223443914, 0.126967195596256, 0.167965227780302, 0.103632654002748, 0.225080687772488, 0.0788894935279105, 0.0805229941871969, 0.144949810092598, 0.094372780014524, 0.103492170338795, 0.107467573162076, 0.129670011621291, 0.409659014761524, 0.390466427079605, 0.127546506998908, 0.129631751894304, 0.0929116393066884, 0.0887297807044121, 0.176915078332988, 0.129509266220889, 
0.123929147417821, 0.0742123246857256, 0.13299636160106, 0.0732597862590863, 0.100429132516141, 0.155295599557702, 0.147344798027189, 0.249783164748051, 0.163106468020403, 0.0719479336481508, 0.181506558092958, 0.332567928509897, 0.0858375503769659, 0.118748149334709, 0.38912248252648, 0.21831297919436, 0.0815953118430634, 0.136524425403216, 0.111843974671418, 0.130446820972672, 0.0972236012424038, 0.176268437341253, 0.163456034873297, 0.11057132184614, 0.0878560561933862, 0.0961135953241431, 0.109943386577637, 
0.0945989390815484, 0.100394212309245, 0.085106242695862, 0.090467437678442, 0.144927579474112, 0.108049658632131, 0.163444658947976, 0.0989016600340045, 0.102339323237183, 0.111557839234954, 0.143312201233492, 0.228416427585605, 0.368778387206475, 0.412932569008813, 0.106168132391565, 0.0877116237061321, 0.0853852023288926, 0.340761068665252, 0.0785682405524616, 0.13409649291259, 0.132581744015498, 0.245341298309298, 0.122959500465772, 0.0947135597817713, 0.248297842474411, 0.0778543613442424, 0.113280375632964, 
0.204439620995992, 0.109943371601287, 0.128707956757517, 0.126303358280983, 0.11358197180243, 0.167998432286132, 0.102467644186333, 0.129097548688408, 0.13027628444298, 0.142904569469083, 0.138948459239367, 0.174817975583501, 0.105467312109047, 0.329782959121859, 0.0981737873794055, 0.135851928554577, 0.056301067208429, 0.232953226108587, 0.105662181178176, 0.198512507151594, 0.203736571207944, 0.0839868948116089, 0.239851326522204, 0.163753760252662, 0.176932091443141, 0.129228536827169, 0.264954378808351, 
0.149177042229066, 0.0816642228988883, 0.146181418363223, 0.158461776371542, 0.425045164704333, 0.289678368231499, 0.294284675355064, 0.108086796459013, 0.141948342397903, 0.324232062741768, 0.0996335541052127, 0.26005286410202)
c(3.25274480197701, 4.24703623380409, 3.13757130005818, 3.65162329423114, 3.80878090808738, 3.40204671495709, 3.25279768046036, 3.12822408087092, 3.28348805520285, 3.19461466284394, 3.98537334782584, 3.42833510399372, 3.75284215335977, 3.90663923137215, 3.40274886558542, 3.15916069789338, 3.36455750112454, 3.11248096072903, 3.87078829853139, 3.49058498614989, 3.09735449993446, 3.16820856991062, 4.86993088041289, 3.89258547781219, 3.95689616447095, 3.81697314654472, 3.49393162113014, 3.72575384102938, 
3.48503181222859, 3.495928683541, 3.32028443815495, 4.49594337020347, 3.73334367779311, 3.73100535787542, 4.21341846105071, 3.36477442242362, 3.38638718314302, 3.27003870927861, 4.15643751132148, 3.55852059310549, 3.48156607108069, 3.96433699820416, 3.47433263012891, 3.35022812839042, 3.14674930325356, 3.84391178216289, 4.04337294530023, 3.1088219520957, 3.49189299679247, 3.38753737940086, 3.6744875184549, 4.54507230333845, 3.35815364232293, 6.18232987226339, 3.56193542103918, 4.30824996203801, 3.51847983534564, 
3.76226288343325, 3.69640855322687, 3.28332896498282, 3.15254780550305, 4.16010129910381, 3.28191960546544, 3.18520505816265, 3.19198598699288, 3.13359526788123, 3.42765591018755, 4.79734794666245, 4.09688505087653, 4.46302858736984, 3.21872939290659, 3.55247786028045, 3.50441314810815, 4.413188769919, 3.16060628654435, 3.70211705435419, 3.4086002942123, 3.66302261127106, 5.1775829661228, 3.43011546122385, 3.89788031677219, 3.22049049286116, 3.40555569131979, 4.31603688659166, 5.20616420973963, 3.92027550571913, 
3.49385389439698, 3.37854940958663, 3.63110295442314, 3.53632516212384, 3.16255217657356, 3.31234516060794, 4.4935472764111, 3.3335580475473, 3.42097364785003, 4.3118088643374, 3.75106444381338, 4.00901872326392, 3.09651849409289, 4.06168583626551, 3.42772379408576, 3.97547890459563, 3.65684444577406, 3.73855065240638, 3.53860038537536, 3.29781371708602, 3.77390500652321, 3.17717090037771, 4.56640042917118, 3.30923441858118, 6.13321492118916, 3.32589261900695, 4.5784799042423, 3.88242533323497, 3.11129265367551, 
3.82397969118454, 3.50374217104783, 3.37486429048799, 3.10192002407763, 3.22285105719928, 4.2377350585031, 3.31712950395786, 3.15411598889457, 3.34837375635011, 4.84178335254054, 4.74866652435539, 4.14052054187432, 3.12165416486675, 3.61408949508506, 3.75915468151909, 3.14953620387241, 4.04579957154255, 4.26561869974173, 3.9562942176938, 4.3307651787282, 3.91575290566744, 3.1511717676897, 3.39947099169507, 3.31359414109136, 3.42959223133576, 3.76409748941629, 3.13270524291931, 3.32261259959662, 3.24764636166021, 
3.9187512568196, 3.37748119781266, 4.17795006569696, 3.87925950927221, 3.82916679838691, 3.77925713240717, 3.19738548308523, 5.93311562770883, 4.85866912460503, 3.42154698066235, 3.26571803694267, 3.42192352579567, 3.41932396500173, 3.32511769808322, 4.03301823371823, 3.23847240600556, 3.26500684816092, 4.39306575464533, 3.26504434574255, 3.63882234563033, 3.30053809693467, 3.28941971336983, 3.45137147693863, 3.27350273264743, 3.74653103525112, 4.01342222009067, 3.16890386017271, 3.8115878641827, 
4.31292216345869, 3.52598310701433, 3.21233457559119, 3.1019961192345, 3.86800859501278, 4.21920192103314, 3.42788640477992, 3.21906080369378, 3.60257665195693, 3.64675326320416, 4.31552911156745, 3.2910316845109, 4.47016850948702, 4.10610579227698, 3.45785526163825, 3.27821926927954, 8.42252800642597, 3.10072497285265, 3.22401797286208, 3.38518865124142, 3.36141070300634, 3.79541672093483, 3.99582024183624, 3.4692702022778, 4.16562920956943, 3.54122298791755, 3.3966485690975, 3.64830335353648, 4.10064936827858, 
3.37877041305312, 3.66134405631836, 3.75949255307817, 4.14874412628143, 3.19883986992789, 3.63150004990575, 3.28838880304585, 3.32989535609867, 3.99170557898655, 3.11881941026826, 3.46081036373922, 3.3413490217142, 3.33801590898706, 3.66918296022921, 3.81713927526674, 4.02664225627623, 3.26864745384164, 3.56548298234769, 3.1361036056671, 3.25851925138284, 3.44265064310713, 4.36020040498101, 4.14642126630892, 3.12067311897646, 3.53085524764473, 3.18013183735296, 4.04481529004025, 4.41784968272417, 
3.85518094503302, 3.33446343450141, 3.55503224264176, 3.33482202181548, 3.53897136318759, 3.10342202259471, 3.09596117249605, 3.45411557744633, 4.17514544680105, 3.857485853537, 3.47742526239375, 3.86489972712297, 3.64086566520718, 3.30519650123423, 3.24589497461389, 3.18863718400716, 3.77767195023427, 3.71144212712374, 3.14042272411952, 4.50950767713031, 4.25900779337719, 3.23137752385085, 3.75784969032669, 4.76830334936892, 4.38183444690789, 3.38387929886627, 3.1897563149772, 3.63712168019147, 
3.25290364937919, 3.16191029292041, 3.4632177019428, 3.91145002737169, 4.8846088680587, 3.81125643835455, 3.77100864108125, 4.10012940523186, 3.25795807597651, 3.66607035582413, 3.12377776493902, 3.14446922498915, 3.61141905887805, 3.14806875153003, 4.10579884186756, 4.22875374632356, 3.14538899871141, 5.36178656096304, 3.868744527605, 4.38351015325404, 3.24046853581559, 4.33447217369685, 3.75539707237183, 3.48608579050985)
c(0.00114296096288117, 2.1661693812715e-05, 0.00170353835602739, 0.000260587939868485, 0.000139653629771711, 0.00066883204159429, 0.00114274830172819, 0.00175866046751605, 0.00102530989658898, 0.00140017652167126, 6.73741066887418e-05, 0.000607295335825038, 0.000174840954014755, 9.35887256978166e-05, 0.00066711568900036, 0.00158224220058172, 0.000766665071684366, 0.0018552198007943, 0.000108483974160222, 0.000481964295831145, 0.00195256221686751, 0.00153381440112274, 1.11637292694984e-06, 9.91815371174756e-05, 
7.59299158097644e-05, 0.000135098867462683, 0.000475962909613134, 0.000194732372405026, 0.000492078534490231, 0.000472414942797811, 0.0008992577560974, 6.92621701079806e-06, 0.000188954485537607, 0.000190717167063294, 2.51534419147459e-05, 0.000766062618451747, 0.000708193883322841, 0.00107532768225613, 3.23248531865487e-05, 0.000372949554564668, 0.000498490784629391, 7.36002173150176e-05, 0.000512125745195192, 0.000807450302166896, 0.00165096449525478, 0.000121088549227437, 5.26877129544419e-05, 
0.00187834874363709, 0.000479610339952096, 0.000705231066802737, 0.000238327293822506, 5.4916399777479e-06, 0.000784649865818483, 6.31623658467655e-10, 0.000368130947121165, 1.64551359022097e-05, 0.000434026799376974, 0.000168382922429066, 0.000218670974277381, 0.00102588875023623, 0.00161852317047033, 3.18106473634424e-05, 0.00103102996298313, 0.00144651470241694, 0.00141298187525844, 0.00172678853570564, 0.000608816595570223, 1.60780173579581e-06, 4.18746701244326e-05, 8.08092668106529e-06, 0.00128759935157909, 
0.000381621131226347, 0.000457614808627098, 1.01859108511834e-05, 0.0015744115196084, 0.00021380792826516, 0.000652970773715502, 0.000249256526787923, 2.24778992742478e-07, 0.000603324461262928, 9.70383513787826e-05, 0.00127971437198448, 0.00066029544500586, 1.58855445433185e-05, 1.92784062202518e-07, 8.84477955800603e-05, 0.000476101499605933, 0.00072869336439304, 0.000282212568647233, 0.00040573496499539, 0.00156392706970546, 0.00092517323786787, 7.00464617598932e-06, 0.000857427781908808, 0.000623973779899092, 
1.61924382224854e-05, 0.000176085430110744, 6.09715826722906e-05, 0.0019580764724597, 4.87196127991991e-05, 0.000608664389712177, 7.02377700827733e-05, 0.000255339224529893, 0.000185084205163599, 0.000402254300745264, 0.000974407561128418, 0.000160711976194996, 0.00148719370896761, 4.96170551809195e-06, 0.000935514735722527, 8.61206752893573e-10, 0.000881358756888873, 4.68367151201309e-06, 0.000103419777418535, 0.00186270235598693, 0.000131314736107572, 0.00045876930439703, 0.000738520997098246, 
0.00192269895128081, 0.00126921531408372, 2.25785982541485e-05, 0.000909474498008909, 0.00160985089083659, 0.000812873052374074, 1.28679017193054e-06, 2.04762250238509e-06, 3.46518574525784e-05, 0.00179838061202309, 0.000301404946002513, 0.000170488412683334, 0.00163529845230308, 5.2144834264563e-05, 1.99348991928079e-05, 7.61214009915461e-05, 1.48592078435934e-05, 9.01225148645269e-05, 0.00162616825421723, 0.000675163412786675, 0.000921050950373874, 0.000604488948663613, 0.00016715166869077, 0.00173203284312017, 
0.000891786710699457, 0.00116363799029822, 8.90089127745578e-05, 0.000731529540592831, 2.94148210424378e-05, 0.0001047749302062, 0.000128577841330535, 0.000157296929002274, 0.00138679463524694, 2.97239360234747e-09, 1.18177436466706e-06, 0.000622659664028937, 0.00109186910902867, 0.000621797999657925, 0.000627769367622165, 0.000883812163738593, 5.50650052309359e-05, 0.0012017164507517, 0.00109461430048756, 1.11763305331997e-05, 0.0010944694004232, 0.000273887652049663, 0.000964996111682238, 0.00100394193827311, 
0.000557745323894102, 0.00106223363538046, 0.000179296830039387, 5.98447280396628e-05, 0.00153015000340927, 0.000138076957463525, 1.61110850574101e-05, 0.000421913880459646, 0.00131660947165021, 0.001922204782752, 0.000109727798189516, 2.45168626831927e-05, 0.00060829993620061, 0.00128611210791326, 0.000315078447052129, 0.000265574712129993, 1.59221066055545e-05, 0.000998206695069889, 7.81579939653696e-06, 4.02385247774618e-05, 0.000544493824443152, 0.00104464214888209, 3.68446342646848e-17, 0.00193047503528404, 
0.00126405465910606, 0.000711293511108036, 0.000775454262149208, 0.000147395667226039, 6.44706409225229e-05, 0.000521874303164537, 3.10495005024535e-05, 0.00039827682645361, 0.00068216514715143, 0.000263977839698139, 4.11992406421303e-05, 0.000728107861610048, 0.000250895557887545, 0.00017025834517518, 3.3430421602382e-05, 0.0013798178601351, 0.00028177860296025, 0.0010076257977475, 0.000868786282450173, 6.559978543694e-05, 0.00181577214397181, 0.000538552040802548, 0.000833723459166737, 0.000843789180882228, 
0.000243326894486639, 0.000135007966753306, 5.65790144464265e-05, 0.00108062854265516, 0.000363186729004769, 0.00171208708697685, 0.00111995277316652, 0.000576042937394668, 1.29943381064976e-05, 3.37712233455544e-05, 0.00180438203735087, 0.000414218365391593, 0.00147208062655773, 5.23643931302705e-05, 9.96877086592607e-06, 0.000115644062483782, 0.000854641361935625, 0.000377932741175595, 0.000853540096600238, 0.00040168942628292, 0.00191296638545722, 0.00196176047811062, 0.000552100710222131, 2.97795726804781e-05, 
0.000114559307288876, 0.000506254165494057, 0.000111134846750605, 0.000271722891847638, 0.000949098328885297, 0.00117082024480521, 0.00142945165503609, 0.000158301205628766, 0.000206081788238278, 0.00168704208520169, 6.49782433377988e-06, 2.0533631216708e-05, 0.00123195107342787, 0.000171379771525734, 1.85783897445812e-06, 1.17684220078776e-05, 0.000714694146193051, 0.00142392806003862, 0.000275701707331811, 0.00114232223710212, 0.00156737841008881, 0.000533756350531043, 9.17436407859761e-05, 1.03634369435458e-06, 
0.000138262243100703, 0.000162589042275918, 4.12919181016641e-05, 0.00112216983473802, 0.000246306187732095, 0.00178545254265131, 0.0016638841115668, 0.000304526130595345, 0.00164353032884644, 4.02920005111606e-05, 2.34989380843917e-05, 0.00165866124142086, 8.24028714458459e-08, 0.000109397189933035, 1.16782203446472e-05, 0.0011933344113731, 1.46110267611049e-05, 0.000173066875788282, 0.000490143788189056)
c(0.0369670644399973, 0.00418105628801227, 0.0465439349465291, 0.0163269941173097, 0.0116869579543921, 0.0277913647283294, 0.0369670644399973, 0.0470392238770522, 0.034877303051355, 0.0416813742160199, 0.00767872318803974, 0.0268503475079438, 0.0130583772027809, 0.00933313567021476, 0.0277913647283294, 0.0447628662278049, 0.0294060285668167, 0.0483690966363952, 0.0102586918822964, 0.0239515202674991, 0.0497155575516032, 0.0443361278701348, 0.000785682990109485, 0.00972873323512156, 0.00828131641514393, 
0.0115480581923281, 0.0239391035537151, 0.0135486180265753, 0.024233349062735, 0.0239391035537151, 0.0321236345290077, 0.00246542943494307, 0.0133012842848738, 0.0133468557792189, 0.00449270506557858, 0.0294060285668167, 0.0285791868537703, 0.0358452545224489, 0.00529906189155382, 0.0206624412938675, 0.0244485213920489, 0.00815531296860015, 0.0248121813471695, 0.0304818856972594, 0.0458401209158095, 0.0109117362844428, 0.00692872374643743, 0.0487596516596639, 0.0239515202674991, 0.0285791868537703, 
0.0155850422140652, 0.00226615364185204, 0.029904155873407, 2.57651530296935e-06, 0.020586088991584, 0.00386114924199497, 0.022387925466139, 0.012980390669927, 0.0146191930121643, 0.034877303051355, 0.0453603437494577, 0.00528719468053216, 0.0349527919745583, 0.04232381771106, 0.0419038881566614, 0.0468454021112037, 0.0268503475079438, 0.000935921338597305, 0.00603752020938656, 0.00268623471089745, 0.0400226011437584, 0.0208532423624917, 0.023461932759484, 0.00312550756810544, 0.044646878329748, 
0.0143743790873549, 0.0275530367361694, 0.0159510847918239, 0.000244539109649931, 0.0268503475079438, 0.00959717314834621, 0.0399852268656353, 0.0277254582118777, 0.00386114924199497, 0.000230704687237753, 0.00913979775748977, 0.0239391035537151, 0.0287287134595146, 0.016802178154236, 0.0214842049827426, 0.0446231349804703, 0.032623545376932, 0.00246542943494307, 0.0315072764067519, 0.0269570188593951, 0.00386114924199497, 0.0130583772027809, 0.00749951628588324, 0.049738109410063, 0.00662531370872745, 
0.0268503475079438, 0.00787783050125657, 0.0161674312166626, 0.0132791918567075, 0.0214842049827426, 0.0337992327073153, 0.0128006780849731, 0.0433023044165824, 0.0021205974976788, 0.0328308059894178, 2.57651530296935e-06, 0.0319386647470468, 0.00207590729571336, 0.0100619876127447, 0.0484586067262947, 0.0113872713550675, 0.023461932759484, 0.0288819633080873, 0.0493754041845008, 0.039760993883874, 0.00422910516113808, 0.0323018277443695, 0.0453296132015093, 0.0305901000558508, 0.000810474630920671, 
0.00102099577025177, 0.00545629971230271, 0.0474572304197317, 0.0176809460235886, 0.012980390669927, 0.0456168218617971, 0.00692872374643743, 0.00411311963172987, 0.00828131641514393, 0.00386114924199497, 0.00913979775748977, 0.0454681203229383, 0.0279430107849839, 0.0326101086482963, 0.0268503475079438, 0.012980390669927, 0.0468454021112037, 0.0320480827836048, 0.0374334834137065, 0.00913979775748977, 0.0287287134595146, 0.00509103066096116, 0.0101116257240129, 0.0113852817924925, 0.0127140303876473, 
0.0415473454183772, 7.11412684785845e-06, 0.000785682990109485, 0.0269570188593951, 0.0359869487196006, 0.0269570188593951, 0.0270234389292606, 0.0319386647470468, 0.00716264040868055, 0.0382471828886852, 0.0359869487196006, 0.00327425915105226, 0.0359869487196006, 0.016650160845561, 0.0336679547186628, 0.0344245649722471, 0.0256889167391891, 0.0355076813256925, 0.0131634672704377, 0.00746001937969422, 0.0443361278701348, 0.0116520018534234, 0.00386114924199497, 0.0220482244867275, 0.0404432773319028, 
0.0493754041845008, 0.0102586918822964, 0.00444535296560253, 0.0268503475079438, 0.0400226011437584, 0.0182151873230571, 0.0164670081868374, 0.00386114924199497, 0.0343262629882223, 0.00267233346795308, 0.00602610224295871, 0.0256533763665795, 0.0350174582511822, 4.40919738245483e-13, 0.0494689395015933, 0.039760993883874, 0.0285791868537703, 0.0296481187065162, 0.0120813969157124, 0.00767872318803974, 0.0250814047629318, 0.00523337144384311, 0.0214842049827426, 0.027956977646417, 0.0164532437899356, 
0.00602610224295871, 0.0287287134595146, 0.0159705699002141, 0.012980390669927, 0.00538853639701666, 0.0414881415382834, 0.016802178154236, 0.0344521654904122, 0.0317943897311352, 0.00767872318803974, 0.0476520729098919, 0.0255361176391612, 0.0310815222300571, 0.0313590842472597, 0.0157399618720087, 0.0115480581923281, 0.0072804415686063, 0.0359218938054287, 0.02050120559434, 0.0466709479951069, 0.036591298126185, 0.0261117645144015, 0.0035341646391013, 0.00538853639701666, 0.0474572304197317, 0.0217410139414088, 
0.0429668020927229, 0.00692872374643743, 0.00312550756810544, 0.0105642175247589, 0.0315072764067519, 0.0207603119750638, 0.0315072764067519, 0.0214842049827426, 0.0493754041845008, 0.049738109410063, 0.0256889167391891, 0.00509103066096116, 0.0105456248486613, 0.0246756373929971, 0.0103096954346085, 0.016650160845561, 0.0332101160870478, 0.0375635546101448, 0.0419270783230806, 0.0127140303876473, 0.0140924614848427, 0.0463046620036895, 0.00246542943494307, 0.00412313485008978, 0.0388990989332753, 
0.012980390669927, 0.000966641695971319, 0.0032751792132156, 0.0285791868537703, 0.0419038881566614, 0.016650160845561, 0.0369670644399973, 0.0446231349804703, 0.0254480567601792, 0.00922601806122501, 0.000785682990109485, 0.0116520018534234, 0.0128006780849731, 0.00602610224295871, 0.036591298126185, 0.0158470223042472, 0.0473758549399295, 0.0458794957675575, 0.0177768985601682, 0.0457398312681521, 0.00602610224295871, 0.0043263352623987, 0.045841106411278, 0.00013237403765739, 0.0102586918822964, 
0.0032751792132156, 0.0380816877357382, 0.00386114924199497, 0.0130257314626313, 0.024233349062735)
c("GCLC", "KIAA0100", "SEC62", "ELOVL5", "RNF14", "ATP2C1", "STRAP", "TBC1D23", "AP2S1", "RRM2B", "MRPS10", "CLPTM1L", "PTGER3", "AP5M1", "KIF1B", "SOAT1", "GDI2", "BCAT1", "DGAT2", "GPC1", "BTBD1", "CHI3L2", "ME1", "YBX1", "ZFAT", "IDI1", "DHX29", "RHOA", "VPS35", "EXOC5", "SEL1L", "TFRC", "MPP5", "NSF", "ENO1", "MBNL3", "APBB1IP", "CAPZB", "C12orf5", "NRD1", "COL5A3", "HSP90AA1", "OSTM1", "TNPO1", "OXCT1", "APLP2", "APOB", "MTIF2", "TPX2", "FCGBP", "NRCAM", "ECHDC1", "SH3GLB1", "SCD", "CEP170B", 
"SLC7A4", "PNPLA3", "ATP6V1D", "EIF5", "SEC23A", "MMP9", "ABHD12", "E2F1", "KPNA3", "RGCC", "CPPED1", "LACTB", "ZNF106", "RAB2A", "OLFM2", "MEGF8", "MTPN", "YKT6", "MEGF9", "EIF3A", "GLRX3", "PBLD", "AKAP10", "ALDOC", "CCND1", "MLEC", "GAPDH", "UHRF1BP1L", "GYS2", "LDHB", "RWDD1", "KCTD20", "CCNC", "E2F3", "SNX3", "PERP", "TMEM30A", "HMGCS1", "NNT", "HSPA9", "COL4A3BP", "CSNK1A1", "CPEB4", "KPNA1", "ARMC8", "GBE1", "ATP6V1A", "TTL", "TFCP2L1", "PSMD14", "CCDC88A", "MRPL19", "LANCL1", "SLC1A4", "SOS1", 
"DHCR24", "QSOX1", "CAPZA1", "RHOU", "ABCD3", "DHDDS", "SGK1", "FBXL5", "MAPKAP1", "IDE", "GPAM", "CUTC", "ETF1", "LYPLA1", "NAA50", "SLC25A51", "RNF11", "SLC36A1", "ARFGEF2", "USP9X", "AP5S1", "CANX", "RSPH3", "TOP2A", "ACACA", "EFR3A", "EIF5A", "ZBED3", "SLC39A11", "ARNTL", "HSD17B4", "LOXL2", "ARL8B", "SORT1", "LDHA", "CDC73", "TIMM17A", "YARS", "UBQLN1", "ANXA1", "HAVCR2", "DTX1", "MDFIC", "KIAA1033", "CKAP2", "TEX2", "EPRS", "SLC31A2", "SLC31A1", "PLAA", "HMGA1", "RMDN3", "RAB1A", "ACTR2", "PLCE1", 
"AOX1", "ATIC", "IDH1", "RASGEF1B", "RAP1GDS1", "SEPT11", "SCARB2", "SLC39A8", "SBNO1", "NIPA2", "MFGE8", "GID4", "CLTC", "NPC1", "RNPEPL1", "SLC2A5", "FCN3", "MPC2", "GALM", "GOLGA4", "PTPRG", "RSPO3", "DIAPH2", "CDKN2B", "GLUD1", "ALDOA", "PDCD4", "UEVLD", "PLBD2", "ADAMTS12", "ACSL1", "GPATCH11", "TGOLN2", "PLOD2", "CPB1", "TOMM70A", "GTF3C6", "GOLGA7B", "DBI", "CCT8", "ATAD2", "FAIM", "ZBTB7B", "ANO10", "ZNF385A", "TPCN2", "ZYG11B", "WDR26", "ARPC2", "SLC25A46", "WDR41", "ZHX1", "NUDT5", "GHITM", 
"CLMN", "BAG5", "TMEM135", "SLFN5", "ACAA2", "PDHB", "ADAM9", "AR", "STK32A", "FASN", "UGP2", "TOR1AIP2", "MAP3K2", "ALCAM", "USP47", "ACYP2", "MANEA", "DHCR7", "PSMD1", "TMEM167A", "LEP", "CKAP5", "KCMF1", "MYO1D", "WSB2", "TALDO1", "C2orf69", "PDE4DIP", "GEN1", "SLC25A20", "ZNF664", "SLC36A4", "HIGD1A", "TMEM45A", "GPC6", "CMTM4", "NPB", "PTP4A2", "METTL7A", "MORF4L1", "PCYT2", "KPNA4", "INSIG1", "AKR1C1", "PTAR1", "MME", "LAMA2", "VKORC1L1", "C6orf106", "LAMB3", "GMFB", "HTT", "CCDC69", "STK39", 
"F5", "LINC00632", "TMEM170B", "VDAC1", "GPX1", "PEG10", "C7orf73", "PALM2")
