c(79.0473230811729, 157.699849371008, 58.2099545181583, 343.941170362425, 89.4187502890956, 504.705201218763, 555.505103945682, 86.3645928178651, 54.2434432613158, 847.599184398775, 742.700243329148, 58.489326958177, 940.0998874688, 272.21231379469, 467.306148988742, 87.1789936425168, 228.793316154031, 860.176026790464, 487.680197266592, 116.762170025551, 71.1673021946355, 1105.4887600859, 358.679614471204, 427.761407959103, 1103.6661935006, 125.859369617606, 133.455415563088, 44.3602137669522, 1223.00430764513, 
1900.98845036488, 440.172406523315, 4474.77014737213, 552.499594468509, 26.2001147248366, 199.88786273716, 527.876607173552, 68.1185882976882, 164.544589846373, 99.0768215583988, 136.252515293034, 984.881371785067, 269.105344782388, 964.825241747969, 1695.37410451885, 145.605044669353, 25.9927514243261, 175.310582161219, 1107.36043975864, 108.16654741449, 479.127759987862, 148.192389701652, 1173.89487233222, 461.537779688468, 1057.82649024055, 67.0644710545242, 421.022043014324, 166.111955763565, 
296.271002710429, 181.573259915191, 52.7246453931975, 62.2977893331493, 366.761149696893, 115.192034095497, 351.172351736141, 560.863247820053, 281.465018859376, 391.665719215595, 622.352157537252, 136.606189328226, 275.642995206558, 219.91617019074, 113.952236945776, 448.953385363266, 152.122398673582, 82.8146930690886, 487.389294196046, 213.166559422675, 454.980597360943, 1110.07450200697, 352.993490134873, 430.492082803853, 33.379578300162, 994.737438844251, 203.529451259567, 78.1784054937748, 
313.069425415138, 22.354565047206, 91.253861990725, 248.198111600494, 372.899787779269, 29.7010667260246, 108.069384702595, 1256.95955259078, 49.17551635258, 115.86292581772, 532.788316069469, 144.393378724309, 260.614604227365, 127.250105957289, 46.0756838390668, 507.767344263845, 144.340267941707, 272.01852269456, 241.640871983071, 152.889049616165, 18.3576648062801, 156.354810654398, 219.702705074684, 476.122650284382, 191.201883161602, 27.3053518827563, 356.867965469672, 530.533661282135, 153.787595064652, 
45.0360988968106, 55.6216482627723, 270.565074705934, 257.176325943885, 1463.78021045532, 87.361525842023, 204.924177590291, 28.4928877834211, 284.231471849531, 201.055635648569, 1637.79242323676, 469.206392806924, 170.943493384869, 176.116046505664, 1104.1907914672, 45.5185494726018, 217.934294312171, 217.544669820154, 112.117897050205, 22.4014519826583, 671.58534362828, 177.373514037636, 743.582432054223, 243.183128864155, 913.777247808811, 104.888033943194, 164.598220881016, 667.046209904398, 
103.046190143415, 154.23418373464, 163.512949081649, 39.5800624118972, 129.409088448373, 379.188737861398, 61.8196338505636, 582.157539053153, 855.391558757327, 27.6889845079264, 927.455886187865, 805.923238249629, 31.4216424696935, 76.2493815712018, 97.0589315386837, 442.24685774075, 256.231576794203, 30.3882992830486, 852.110431484211, 274.840983955797, 126.824443454158, 273.787519900744, 51.4041660079807, 460.164790875153, 210.508688678869, 68.1089454743212, 240.429257126449, 7396.91171360863, 
328.885961270527, 196.640259561471, 176.479472070972, 282.820955609359, 458.865768887493, 21.2745700366954, 133.743700797672, 102.31529329905, 88.9217097293052, 35.0197830978046, 98.2810129328374, 215.440794949445, 38.0461742577967, 242.933320978682, 566.633137129106, 65.6394669559669, 371.204248001025, 1198.84973529286, 41.3414012709079, 89.6282362533254, 60.0169157390263, 850.684494694185)
c(-0.650960015693545, -0.375654360074627, -1.12622530771219, -0.711882138130561, -1.08179076338034, -0.380853392414894, -0.23575272219635, -0.883975732097263, -0.999880728710024, -0.306919544423127, -0.204162787210397, -0.560933977683143, -0.544510036961027, -0.458905881337257, -0.681582116249324, -0.783961147152722, -0.444021086450552, -0.331020388687739, -0.189919697486072, -0.585427205934312, -0.745211393970954, -0.502983629478801, -0.224808029175727, -0.32974266167613, -0.351109654991679, -0.468902677563886, 
-0.34102871883886, -1.09592685233604, -0.87173586104549, -0.481297057489362, -0.342499552899035, -0.22581803821739, -0.481597678150083, -0.669911323663947, -0.324250046674689, -0.31144704731056, -0.429260888061257, -0.523912087592348, -0.404116645231127, -0.327448087627775, -1.13419182714666, -0.492196113749327, -0.33173236529918, -0.422633919002598, -0.339011160848995, -1.23937246450775, -0.313943147152785, -0.429409192580911, -0.736523862509188, -0.675143182736661, -1.12237102116095, -0.419092829649002, 
-0.296286890701357, -0.370026697288439, -0.776770626311774, -0.269862470446097, -0.439307840774865, -0.407383665701068, -0.370415925755788, -0.644158875958222, -1.28328958922341, -0.618278220620863, -0.324159908589805, -0.488877865914845, -0.565795256986224, -0.322280102218674, -0.371750603223998, -0.522716681841765, -0.480694967565328, -0.42170721268261, -0.29120738802627, -0.428025289938847, -0.302739676763134, -1.08741220729623, -0.673539103596537, -0.404933376623374, -0.536851648794825, -0.519009287297028, 
-0.324221007732156, -0.530378646757413, -0.293644939573779, -1.22159048549486, -0.288079420118768, -0.680903642800559, -0.742049095385496, -0.279205751511372, -0.894879396821116, -0.359070649723381, -0.38957475790646, -0.397762737570702, -1.1835748430472, -0.364346161718863, -0.460099607589141, -0.578912754981954, -0.704932845879647, -0.369728253223906, -0.694030309648665, -0.560130362128202, -0.801240905933606, -0.867175673414666, -0.317219369533742, -0.314902145226425, -0.533872851422832, -0.43133869255031, 
-0.943185538534699, -1.36820449029064, -0.515613694796471, -0.328531492388681, -0.471696567932482, -0.44870251084462, -0.639749619917106, -0.255380845068077, -0.438587883899875, -0.569805882473297, -1.3164497220279, -0.526919655072967, -0.857719155838562, -0.382344582721329, -0.331827583618216, -0.665043002513072, -0.295585137037291, -1.98346090717598, -0.244619815043479, -0.471639606800214, -0.688218581541156, -0.537442360009363, -0.333246955904742, -0.479373016264872, -0.391773072360811, -0.5400970366106, 
-0.506001200080792, -0.565915653300649, -0.488008337382346, -0.937196746799448, -0.371408476925374, -0.445926248410964, -0.590288487558001, -0.379972345466021, -0.881584527621109, -0.347893291839269, -0.353097235781225, -1.33514796111375, -0.576262616462863, -0.662781050345092, -0.427805561338997, -1.16988518258658, -0.58117786829749, -0.41918440929023, -0.639318014818552, -0.676878196052608, -0.561317800354199, -0.713239695663472, -0.564018697855551, -0.639648475869551, -1.08537942496061, -0.513333653688523, 
-0.801111575941365, -0.447783203418314, -0.421977764462954, -0.720025970400216, -0.432620405796934, -0.502797393263523, -0.467696023124036, -0.29729308965604, -1.08859673321559, -0.290814201502505, -0.75015696514631, -0.662925964232595, -0.502580140635937, -0.613503980217012, -0.327618098821594, -0.411770609667543, -0.458637406767999, -0.453066711777831, -0.526494294293475, -0.911763886590275, -0.742750748275719, -0.962707638078231, -1.46234315328934, -1.60545006853993, -0.439683035579631, -0.488151347612154, 
-0.587488138856111, -0.418274309585724, -0.504087680574122, -0.877604335884386, -0.316801309025044, -0.400443186002784, -1.42574536881487, -0.672963076046712, -0.531762710650336, -0.62385470379364)
c(0.157638770936304, 0.108847892120933, 0.300319894061723, 0.217931998087613, 0.339171833354796, 0.115674500839062, 0.074469377185974, 0.253261349906431, 0.288970198926458, 0.0979760112622958, 0.0546176288972225, 0.175496825329728, 0.164153557784621, 0.124201219992647, 0.17941015133489, 0.229449838060361, 0.0888006913286505, 0.0955372152592869, 0.0611236368224539, 0.175939913019774, 0.224163818383253, 0.161492774639557, 0.0704398552615167, 0.0906596846531183, 0.0947847628194748, 0.148700725795352, 
0.102021591771987, 0.278411162014329, 0.259852207297426, 0.125683493703561, 0.100633468133204, 0.0706505202043709, 0.132686428502903, 0.21093840297268, 0.101080688607949, 0.0777197819416681, 0.135964336428928, 0.128267332539452, 0.117328324752564, 0.105070169212069, 0.18383495691307, 0.123473921450785, 0.0926135671080867, 0.0902200100939147, 0.105177486705947, 0.339997516941801, 0.0984146017181256, 0.125316308964377, 0.222391893476964, 0.166004430502166, 0.356754527059106, 0.122798901522263, 0.0740854633741078, 
0.109721282579343, 0.23071451796712, 0.083894472414336, 0.12817726865198, 0.124224536986471, 0.118484867319603, 0.203514081515038, 0.325845991193081, 0.145559902462723, 0.104475296909999, 0.15773410233931, 0.147206784228254, 0.0715729335122201, 0.118792940346939, 0.137352612314986, 0.149654823459781, 0.0987318438561832, 0.0860744003526593, 0.124106615324056, 0.0901841005180838, 0.253284409518118, 0.189072494681593, 0.130647705098313, 0.143379506174518, 0.132479110783168, 0.0899169541572059, 0.154809668605377, 
0.0928392048645023, 0.367759358781469, 0.0577623218365573, 0.207686590444344, 0.202108658348175, 0.0816080058988048, 0.278503947668987, 0.111897148294364, 0.124506159115611, 0.107215663450054, 0.338089948477282, 0.116528370147996, 0.133279263951215, 0.184817539523757, 0.203182059503163, 0.104006524867351, 0.20353482090578, 0.149898127403716, 0.150370851196887, 0.230713964785343, 0.0933622820053688, 0.0930550728931942, 0.168592743722522, 0.115529336424598, 0.159970043760474, 0.405126406937649, 0.151101796899753, 
0.100703073901287, 0.126033999181345, 0.117227590064618, 0.197747885051577, 0.0720780391074885, 0.0993473046514052, 0.135490583820671, 0.255435906877765, 0.164157935828798, 0.260470437274776, 0.101365694825675, 0.0834827859066329, 0.139206976811415, 0.094711465032998, 0.407510242257432, 0.078207322625035, 0.136529013965435, 0.193350716016944, 0.1405184700644, 0.101027507908874, 0.147468645691706, 0.117534063201097, 0.172511771775467, 0.125882191876963, 0.160223855733942, 0.144994100533635, 0.26494171191818, 
0.0824772055797782, 0.0930353755940441, 0.13930607635437, 0.118499027350449, 0.216244462779026, 0.10460738202788, 0.10552439082501, 0.328073649208624, 0.166961756059901, 0.154932775042102, 0.137020236665556, 0.325801490505738, 0.164981541956986, 0.106038054595098, 0.14555563162784, 0.199201156909195, 0.121416705598803, 0.222705678206025, 0.141315437486921, 0.16902785314337, 0.312168650611439, 0.16036341339452, 0.250320028281652, 0.123151821245313, 0.114809840353794, 0.203589027263759, 0.12795859581814, 
0.148359460154182, 0.129099118897571, 0.0940368740420255, 0.332032971693141, 0.0926666418437188, 0.176196567098362, 0.206322613524105, 0.1351241134064, 0.153895851532132, 0.101069170464835, 0.12728146563002, 0.125467752209349, 0.114899214499805, 0.146960364280062, 0.247106246296093, 0.210748777779856, 0.225394977147631, 0.340467843441865, 0.391013425666239, 0.142049786200175, 0.136699554846861, 0.172373999400519, 0.123177133689795, 0.0946192994158423, 0.279186270723251, 0.0919217989973013, 0.0935761723619167, 
0.423093174052528, 0.173698986980068, 0.142844415441804, 0.155089249635248)
c(-4.1294410748519, -3.45118635515021, -3.75008559200118, -3.26653334240698, -3.18950648902709, -3.29245762594452, -3.16576734095143, -3.49036966131568, -3.46015171261481, -3.13259889302352, -3.73803827322097, -3.19626281916636, -3.31707728001518, -3.69485808081776, -3.79901645017328, -3.41669950077056, -5.00019853232037, -3.46483187509028, -3.10714000931804, -3.32742693733465, -3.32440533599791, -3.11458906196536, -3.19148908442669, -3.63714767967471, -3.70428373240112, -3.15333146530307, -3.34271121353451, 
-3.9363610438853, -3.35473717969116, -3.82943728970932, -3.40343584746264, -3.19626858463555, -3.62959259348477, -3.17586230967489, -3.2078337726044, -4.00730727145264, -3.15715796756483, -4.08453249334709, -3.4443229806901, -3.11647054614398, -6.16962000150487, -3.98623537639491, -3.5818981565846, -4.68448095453167, -3.22322933801218, -3.6452397525006, -3.19000576816808, -3.4266026196397, -3.31182873167758, -4.0670190590356, -3.14605964614712, -3.41283858775415, -3.99925811633522, -3.37242409667295, 
-3.36680427896815, -3.21668952292002, -3.42734593578873, -3.27941383871235, -3.12627202220367, -3.16518086199664, -3.93833167787232, -4.24758611513358, -3.10274216180554, -3.09937964374499, -3.84354063538893, -4.50282091852011, -3.12939979546164, -3.80565518945526, -3.21202455391965, -4.27123809514674, -3.38320553884954, -3.44885152835105, -3.3569074262977, -4.29324572074954, -3.56233255784141, -3.09942969391356, -3.74427045481229, -3.91766886287836, -3.60578281116268, -3.42600466453676, -3.16294113033767, 
-3.32171148422292, -4.98732410608267, -3.27851519611242, -3.67153540798416, -3.42130344242931, -3.21316593287473, -3.20893476908621, -3.12895972917065, -3.70993122433086, -3.50076909525966, -3.12667345519487, -3.45214697282208, -3.13234748430108, -3.46946402454727, -3.55485632940294, -3.40988488633079, -3.73674022370954, -5.32843233616139, -3.75866139798469, -3.39772510611406, -3.38404060558697, -3.16664193034016, -3.73358582243593, -5.89601350579705, -3.37722860534542, -3.41235978244884, -3.26237799563815, 
-3.74261366771182, -3.82761865698413, -3.23517806397902, -3.54311588148553, -4.4146933370645, -4.20550171388637, -5.15373793026628, -3.20983358137799, -3.29296163055055, -3.77193273699621, -3.97480246992873, -4.77736833128711, -3.12090132841159, -4.86726639357199, -3.12783773734729, -3.45450093794437, -3.55943125383019, -3.82470973220142, -3.29857642539623, -3.25067755261708, -3.33327259936976, -3.13078366219301, -4.01964084463476, -3.53203117418653, -3.36571167782885, -3.53736955956892, -4.50316513895612, 
-4.79308269100503, -4.23734917388966, -3.20654400261269, -4.0767958461992, -3.3257049846305, -3.3461196318751, -4.06965924978851, -3.45146475493537, -4.27786212546046, -3.12220714071018, -3.59079137658511, -3.52268418274946, -3.95315069567117, -4.39225887496524, -3.39796317729801, -4.62306893920314, -3.20261118355345, -3.99120370630246, -3.78427853146192, -3.47690078050661, -3.2010646494886, -3.20034949436799, -3.63602583291359, -3.67544944895493, -3.53666393556363, -3.38094055370687, -3.38904841484995, 
-3.62276696477775, -3.16145227799872, -3.27858021950197, -3.13828359069016, -4.25750045815327, -3.21305528710329, -3.71939639762427, -3.98648809639237, -3.24152357553566, -3.23511838608515, -3.65542060562894, -3.94316631101598, -3.58255980701119, -3.68976462657995, -3.52434190176695, -4.27120271383718, -4.29509917443653, -4.10586942329267, -3.09527418056113, -3.57097978964899, -3.40821783389185, -3.39571393696408, -5.32753554175779, -3.14343657949545, -3.44642198565266, -4.27932855015723, -3.36981415974785, 
-3.87430627977084, -3.72267063437969, -4.02255285431371)
c(3.63646184677653e-05, 0.000558128048156368, 0.000176774221347195, 0.00108872986112348, 0.00142515939498943, 0.000993158627186333, 0.0015467445460066, 0.000482352835673514, 0.000539871125824112, 0.00173266046884099, 0.000185461718641223, 0.00139220234920001, 0.000909644518256369, 0.000220009638210627, 0.000145271450991148, 0.000633852024955762, 5.7271311291119e-07, 0.00053056305298829, 0.00188906906999908, 0.00087651970664858, 0.000886073092344043, 0.00184201338103013, 0.00141541459156927, 0.000275673889805933, 
0.000211988877191395, 0.00161418405854566, 0.000829641908040936, 8.27264850578236e-05, 0.000794404200003739, 0.00012843660608422, 0.000665440379416831, 0.00139217452814125, 0.000283868893590267, 0.00149391840323716, 0.00133738773481003, 6.14149407564931e-05, 0.00159315014810884, 4.41656461881433e-05, 0.000572491377628723, 0.00183029963352275, 6.84543067831851e-10, 6.71299196231951e-05, 0.000341106775755001, 2.80670262220326e-06, 0.00126754024994431, 0.000267142635035893, 0.00142269954097905, 0.000611182773682911, 
0.000926882713147316, 4.76183498996967e-05, 0.00165486253107882, 0.000642900085436225, 6.35413514923511e-05, 0.000745096206318606, 0.000760446381569365, 0.00129678851172189, 0.000609512054800576, 0.00104022969344971, 0.00177037710307829, 0.00154986579243339, 8.20501228918882e-05, 2.1608611672722e-05, 0.00191736609107435, 0.00193926350929419, 0.000121271908235345, 6.70573865472463e-06, 0.00175163804332051, 0.000141429301879499, 0.00131803109882002, 1.94390729996405e-05, 0.000716449908602848, 0.000562976157321073, 
0.000788194981270515, 1.76079949169855e-05, 0.000367574347852524, 0.00193893589560072, 0.000180918692152305, 8.94094112939987e-05, 0.000311213349178533, 0.000612529862936016, 0.00156183911289462, 0.000894671529154285, 6.12213139444321e-07, 0.00104354745467179, 0.000241097667426003, 0.000623217554502087, 0.00131280420349098, 0.00133227714283789, 0.00175426349015113, 0.000207315558440717, 0.000463917611029525, 0.0017679617790853, 0.000556144704425926, 0.00173414499334659, 0.00052149790352043, 0.000378185678167845, 
0.000649903042141425, 0.000186421344694198, 9.90640894133805e-08, 0.0001708248303229, 0.000679486599694789, 0.000714274387876597, 0.00154210072489025, 0.000188772828648522, 3.72388506848149e-09, 0.000732201688406388, 0.000644030501998544, 0.00110481718056568, 0.00018211610878125, 0.000129389013437128, 0.00121566891122073, 0.000395428902917791, 1.01153279175053e-05, 2.60503614583256e-05, 2.55344731057326e-07, 0.00132811841265046, 0.000991380028480186, 0.000161987928223233, 7.04376922915066e-05, 1.77604270419726e-06, 
0.00180298435416166, 1.13152460156058e-06, 0.00176097370244977, 0.000551312298471875, 0.000371658803014574, 0.000130926249494181, 0.000971764231916792, 0.00115130353647167, 0.00085830802279051, 0.00174340538412033, 5.82869284876299e-05, 0.000412380737786988, 0.000763464637841799, 0.000404133754450086, 6.69488205496802e-06, 1.64237888452151e-06, 2.26174254464679e-05, 0.00134339757520164, 4.56605492106489e-05, 0.000881952229087053, 0.000819510300967634, 4.70819482891745e-05, 0.000557552571839593, 1.88696830905465e-05, 
0.00179500594190694, 0.00032967544598151, 0.000427200091395227, 7.71288273652922e-05, 1.12179013282451e-05, 0.000678895572951796, 3.78103993009339e-06, 0.00136187717872465, 6.57387828707385e-05, 0.000154155108138222, 0.000507245491659991, 0.00136920807780843, 0.00137261035658417, 0.000276876577948888, 0.000237431052299899, 0.000405214928652596, 0.000722381694387646, 0.000701356260447405, 0.000291468390660601, 0.00156984539374921, 0.00104330706206793, 0.00169940371493483, 2.06725236909141e-05, 0.00131331006244593, 
0.00019969943747061, 6.70584904648818e-05, 0.0011889259970263, 0.00121592303807628, 0.000256760663897411, 8.04128499640603e-05, 0.000340243685504625, 0.000224461632935853, 0.000424536072819565, 1.94421577963463e-05, 1.74615258948211e-05, 4.02796981159372e-05, 0.001966310385911, 0.000355648339861888, 0.000653886724585244, 0.000684498575290814, 9.95543025785612e-08, 0.00166976594396231, 0.000568062555989106, 1.87457974380613e-05, 0.000752188939995014, 0.000106928862727093, 0.000197126600316221, 5.75707294723102e-05
)
c(0.0056516284312175, 0.0256889167395664, 0.0130583772028511, 0.035986948719858, 0.0419038881568515, 0.0342510930591898, 0.044477803208754, 0.0239515202676553, 0.0255361176392773, 0.0468454021114642, 0.0132791918568778, 0.0415473454186446, 0.0323018277447299, 0.0146269741137032, 0.0119894031311108, 0.0271874809413821, 0.000523311045695014, 0.0253969922204435, 0.0489317955858852, 0.0319386647472324, 0.0319386647472324, 0.0481296378401475, 0.0419038881568515, 0.0166501608458007, 0.0143326039172284, 
0.0453449310530889, 0.0310260147297684, 0.00868410391830679, 0.0300842881691289, 0.0113852817926626, 0.0277913647287557, 0.0415473454186446, 0.0168171240078947, 0.0433925279891726, 0.0407239669782993, 0.00749951628605054, 0.0449651599585341, 0.0062920272373037, 0.0260494460687564, 0.0479282181933628, 2.57651530304675e-06, 0.0076787231882013, 0.0194382132640957, 0.00134351241119626, 0.0397609938844098, 0.0164788449148172, 0.0419038881568515, 0.0268503475082612, 0.0326235453771586, 0.00654998612930655, 
0.0458411064113086, 0.0274274484605572, 0.0076787231882013, 0.0290441899055855, 0.0294060285672586, 0.0402038034191084, 0.0268503475082612, 0.0350174582515766, 0.047080228427862, 0.044477803208754, 0.00868410391830679, 0.00418105628810905, 0.0493754041851182, 0.0494822311635896, 0.0109117362846043, 0.00246542943500833, 0.0470392238777152, 0.0117533642749442, 0.0404432773322542, 0.00408182986576977, 0.0285791868541676, 0.0258127803626869, 0.0299439026694103, 0.00397575236172764, 0.0205860889918468, 
0.0494822311635896, 0.0132015487133331, 0.00913979775765665, 0.0180790783962112, 0.0268503475082612, 0.04462313498099, 0.032055491584998, 0.000523311045695014, 0.0350174582515766, 0.0156805205765597, 0.0269570188598006, 0.0404432773322542, 0.0406718381845433, 0.0470392238777152, 0.0140962800446594, 0.0236242640476184, 0.047080228427862, 0.0256889167395664, 0.0468454021114642, 0.0250814047632035, 0.0207603119753881, 0.0275530367363085, 0.0132791918568778, 0.00013237403766196, 0.0129803906699659, 0.0279430107853867, 
0.0285791868541676, 0.044468239457257, 0.0133012842851059, 7.42728876908633e-06, 0.0287287134595385, 0.0274274484605572, 0.0362228690406288, 0.0132083846896074, 0.0113852817926626, 0.0384945793562403, 0.0214842049831085, 0.00312550756814819, 0.00458448052311444, 0.000254642533046919, 0.0406485755605834, 0.0342510930591898, 0.0128006780852856, 0.00787783050142486, 0.000966086501869484, 0.0474572304202619, 0.000785682990129722, 0.0470392238777152, 0.0256889167395664, 0.0206624412942044, 0.0113872713552367, 
0.0337992327076237, 0.0371365213502871, 0.0315072764071596, 0.0469894870084864, 0.00734231234959439, 0.0217399131678277, 0.0294060285672586, 0.0214842049831085, 0.00246542943500833, 0.000935921338622329, 0.00422910516121689, 0.040803144117863, 0.00642846814592747, 0.0319386647472324, 0.0307431967764253, 0.00654998612930655, 0.0256889167395664, 0.00408182986576977, 0.0474572304202619, 0.0189674329906766, 0.0221311839555268, 0.0083153214151392, 0.00327425915110021, 0.0279430107853867, 0.00174029634013183, 
0.0412597068298679, 0.0076787231882013, 0.0125494842114973, 0.0246756373930695, 0.0413753857361278, 0.0413753857361278, 0.0166501608458007, 0.0155850422140653, 0.0214842049831085, 0.028720072215073, 0.0285480624788235, 0.0171822770001744, 0.04462313498099, 0.0350174582515766, 0.0465372179785471, 0.00412313485015282, 0.0404432773322542, 0.0137345009667287, 0.0076787231882013, 0.0380424529583254, 0.0384945793562403, 0.0161718677097911, 0.00859196942428491, 0.0194382132640957, 0.014840510283665, 0.0220887964497032, 
0.00408182986576977, 0.00397575236172764, 0.00602610224304856, 0.0497480684739894, 0.020170823142783, 0.0275530367363085, 0.0279569776467753, 0.00013237403766196, 0.045935836899763, 0.0259465824714566, 0.00408182986576977, 0.029225470925066, 0.010236941602041, 0.0136359192253423, 0.00732924382548017)
c("ARHGAP33", "DVL2", "BZRAP1", "SCN4A", "FMO3", "CYTH3", "SYPL1", "IL32", "GIPR", "NISCH", "PTBP1", "SYT7", "CLK1", "BTN3A1", "PER3", "UTS2", "CROCC", "HDAC7", "U2AF2", "ARHGEF1", "NAALAD2", "RAPGEF3", "SRRT", "ANKRD10", "FUS", "CDIP1", "PCBP4", "LEPREL1", "FMO2", "CIRBP", "PPM1F", "DDX17", "CBX7", "CHADL", "RBM23", "PNN", "TAZ", "NME3", "HAS3", "AXIN1", "SFRP1", "GSDMD", "EEF1D", "SNRNP70", "TRMT1", "FCER2", "FZR1", "GLTSCR2", "DBP", "NPDC1", "PTGDS", "MLLT6", "CDK5RAP3", "LUC7L3", "MDK", "DUSP22", 
"APBB3", "SLC12A7", "SLC41A3", "GNLY", "TPO", "C1orf21", "ZBTB17", "ID3", "C1orf63", "ABCD4", "HOXB3", "AKAP1", "PRICKLE4", "IRF3", "PRMT1", "IDUA", "TUBGCP6", "SHC2", "CBFA2T3", "BST2", "TMEM204", "TRIM22", "PNISR", "HSPA12B", "SRRM1", "FHOD3", "ARGLU1", "ITM2C", "ARHGEF4", "IL18BP", "DUOX1", "CARF", "LMBR1L", "SGSM2", "RNF165", "CAPN10", "TINAGL1", "CELSR2", "SEMA6C", "POGZ", "ZNF514", "AGTR1", "AMT", "N4BP3", "RBMX", "INPP5E", "RNF144A", "CARHSP1", "ROBO3", "PIEZO2", "ACSS1", "MOV10", "TNFRSF14", 
"ZNF276", "ARHGAP27", "U2AF1", "RALGDS", "PKN3", "SLC1A7", "TSSK3", "MEGF6", "ANKZF1", "SUN1", "TMEM184A", "ZNF22", "RET", "METTL3", "ZMAT1", "MFAP4", "GPRC5B", "ENTHD2", "HID1", "LTBP3", "DNAJC7", "SEMA4C", "EFNA1", "SMAD1", "ZNF540", "RPS21", "MUS81", "EGFL7", "RNASEH2C", "PODN", "FAM131A", "C11orf68", "CIDEA", "EFCAB4A", "ODF3B", "CTC1", "CCL13", "RGMA", "UBA7", "HOXB4", "GPIHBP1", "GAS6", "SERHL2", "LHFP", "CLDN5", "KCND2", "THAP7", "PTP4A3", "IFITM2", "CDK10", "PAGR1", "PDE2A", "KANK3", "EXD3", 
"COMMD6", "SERPINA5", "MPHOSPH8", "SLC25A29", "C6orf141", "MIB2", "CFD", "AKAP17A", "ZNF251", "MAFK", "LDB1", "ARHGEF15", "ITPRIPL1", "GPRASP1", "TCEA3", "HLA-C", "CYS1", "CEMP1", "SIPA1", "IRF9", "AP1G2", "TSPAN4", "TSTD1", "VAMP2", "CCNL2", "HLA-DPA1", "ECSCR", "RP11-664I21.6", "MYO15B")
